ncols         118
nrows         92
xllcorner     5625.4691773355
yllcorner     1982.5550312176
cellsize      5
NODATA_value  -9999
1015.637 1011.762 1010 1010.076 1012.294 1014.855 1017.143 1020.207 1021.742 1023.112 1024.527 1025.874 1024.229 1022.413 1020.99 1019.568 1018.15 1017.005 1015.874 1014.544 1013.359 1012.622 1011.461 1010.066 1009.263 1008.306 1007.448 1006.953 1006.101 1005.313 1004.599 1003.827 1002.967 1002.075 1001.178 1000.281 998.6904 996.7205 994.7507 992.7734 990.7955 988.7687 986.6585 984.5411 982.423 980.3049 976.3672 973.9719 974.2175 976.3968 976.7207 976.4111 976.6658 976.5923 976.6815 976.2614 975.9774 975.5422 974.7457 973.6892 972.9177 972.1462 971.105 969.7945 966.6605 961.9923 956.6743 950.4893 946.6979 943.1121 939.3879 934.3478 929.8623 928.9283 929.4981 931.3416 934.752 937.8381 941.2476 945.1617 948.5908 952.2606 956.327 960.5416 963.2222 965.9029 968.5459 971.0663 973.7308 976.361 978.8956 981.0994 983.2511 985.3662 987.4789 989.5915 991.6555 993.2924 994.948 996.3419 997.1376 997.8881 998.052 998.7309 999.1461 999.556 999.5422 999.2808 998.963 999.3112 999.2814 998.6513 998.0213 998.0836 998.4087 1001.052 1006.102 1008.825 
1015.591 1011.78 1007.857 1007.585 1008.372 1010.591 1013.436 1016.421 1019.388 1021.184 1022.751 1023.991 1024.775 1023.5 1022.077 1020.654 1019.277 1017.844 1016.412 1015.659 1014.922 1014.185 1012.851 1011.727 1010.536 1009.365 1008.649 1007.779 1006.939 1006.22 1005.404 1004.518 1003.626 1002.729 1001.809 1000.76 999.3069 996.7973 994.2876 992.093 990.1151 989.2115 987.1013 984.9911 982.761 980.3137 977.0737 975.0143 976.9333 978.7508 979.1432 978.884 978.8942 978.8206 978.6866 978.1871 977.8794 976.9978 975.9945 975.0472 974.2758 973.2142 972.0273 970.7933 967.4492 962.723 957.3802 951.472 947.4831 943.8309 939.8965 934.754 929.8954 929.0025 929.2411 930.0593 933.9049 937.7505 941.2225 945.5606 950.2006 953.4193 956.6379 959.5557 961.9531 964.4606 967.577 971.1005 973.5933 976.0141 978.2794 980.5045 982.6563 984.808 986.9598 989.1116 990.9012 992.5568 993.9464 994.9252 995.636 996.0875 996.0145 996.6934 996.4314 996.8412 996.0905 995.3334 994.9769 994.6807 994.3911 993.6565 992.9838 993.3578 994.1001 997.712 1002.243 1005.212 
1016.3 1012.658 1008.783 1004.764 1003.926 1006.643 1009.214 1012.043 1014.405 1017.793 1020.879 1022.148 1022.808 1023.287 1022.67 1021.186 1019.712 1018.697 1017.96 1017.223 1016.486 1015.749 1014.446 1013.188 1011.799 1010.482 1009.458 1008.588 1007.84 1006.954 1006.068 1005.177 1004.28 1003.278 1002.229 1001.18 1000.101 997.6743 995.1183 992.621 990.6219 989.6542 987.544 985.1125 982.6652 980.2205 978.7261 979.1256 980.463 981.1572 981.5036 981.2452 981.0308 980.9631 980.5423 980.0998 979.3065 978.3277 977.2168 976.4053 975.3234 974.1102 972.7382 971.2534 969.1294 963.5424 958.1372 952.7015 948.0532 944.2589 940.3493 935.1077 929.9161 929.0737 928.9468 929.7509 933.138 937.5494 942.2831 947.2648 951.3592 954.0605 956.0697 958.0789 960.1099 963.3625 966.6172 970.7117 973.1326 975.4103 977.658 979.9056 982.0614 984.2132 986.3491 988.2707 990.1656 991.5507 992.7106 993.4036 994.0901 994.2143 993.977 994.6076 993.7349 993.7271 992.9241 991.7973 990.991 990.2385 989.631 989.0618 988.4926 988.772 991.0246 995.639 1001.077 1004.328 
1016.391 1012.957 1009.255 1005.624 1002.95 1002.931 1005.556 1007.141 1008.934 1011.114 1016.166 1020.284 1021.086 1021.586 1021.637 1020.722 1019.882 1019.632 1019.382 1018.786 1018.049 1017.225 1015.871 1014.355 1013.032 1011.67 1010.392 1009.39 1008.504 1007.619 1006.728 1005.797 1004.748 1003.695 1002.572 1001.449 1000.326 998.2995 995.9232 993.7847 992.1202 990.1951 988.3717 986.2267 984.4959 982.9257 980.8539 981.8475 982.8699 983.6328 983.8311 983.4958 983.0768 982.8892 982.248 981.4149 980.5415 979.55 978.5349 977.4155 976.1086 974.6831 973.1983 971.7136 970.2146 964.266 957.9515 952.0333 947.6992 944.1143 940.5294 935.2465 929.9366 929.0656 928.8035 929.6071 932.4633 937.6301 943.3448 948.4906 950.7039 952.3954 954.3869 956.3784 958.3699 961.0836 965.4528 970.2511 972.5413 974.7889 977.0366 979.2842 981.4666 983.5737 985.4953 987.4573 989.1187 990.315 991.2069 991.8824 992.2348 992.2658 992.0286 991.9757 991.1031 990.5158 989.6371 989.0984 988.2269 987.6876 986.8793 985.8088 984.7383 985.8229 989.3192 995.123 1001.107 1004.35 
1016.488 1012.976 1009.548 1007.066 1004.457 1001.783 1001.897 1002.766 1003.511 1005.818 1009.16 1012.315 1016.462 1019.275 1019.742 1018.192 1018.267 1018.186 1018.104 1018.023 1017.942 1018.163 1017.01 1015.584 1014.169 1012.859 1011.293 1010.076 1009.169 1008.28 1007.266 1006.165 1005.042 1003.943 1002.852 1001.785 1000.719 999.2253 996.9474 995.1646 993.05 990.9355 989.819 987.4421 985.2367 983.5181 983.4052 984.2208 985.283 986.0379 986.1585 985.7078 985.1229 984.5935 983.8862 982.5204 981.4731 980.5903 979.414 978.1071 976.628 975.1042 973.5199 971.9357 970.3514 964.8054 957.7509 952.1042 947.7497 944.1536 940.5446 935.3027 929.9676 929.1129 928.6234 929.4501 932.3423 938.2173 943.9713 949.4846 950.8963 951.8923 952.8884 954.5491 956.5406 959.2698 963.7845 969.1685 971.9091 974.1601 976.4111 978.6621 980.8142 982.8066 984.799 986.6198 987.8297 988.727 989.488 990.2374 990.3795 990.3174 990.0801 989.1268 987.926 986.5942 985.6955 985.9041 986.0485 985.228 984.5776 983.5071 983.3738 986.7382 990.0861 995.226 1001.148 1004.391 
1016.271 1013.754 1010.242 1007.246 1004.289 1001.731 1000 1000 1000 1000.546 1003.437 1006.031 1007.561 1009.326 1012.703 1014.15 1015.064 1015.72 1015.639 1015.558 1015.688 1016.219 1016.844 1016.706 1015.326 1013.66 1012.206 1010.989 1009.769 1008.67 1007.571 1006.472 1005.4 1004.334 1003.267 1002.201 1001.134 1000.068 998.0195 995.9049 993.7904 991.6758 989.6194 987.9008 986.1822 985.1632 985.9788 986.7944 987.6962 988.4237 987.2373 986.6868 985.9295 985.2355 984.7175 983.6353 982.4048 981.3027 979.9218 978.4095 976.8253 975.241 973.6567 972.0724 970.4881 965.4045 958.8928 953.1857 948.4269 944.4252 940.3406 935.4403 930.1157 929.1586 928.5073 929.3752 931.8789 938.4648 944.9935 950.3103 952.2158 953.1251 953.9384 954.7518 955.65 959.0269 963.0554 967.9916 971.5464 974.1331 976.7198 979.3065 980.1483 982.1407 984.1208 985.3308 986.0471 986.3434 987.0121 986.8851 987.1588 986.8181 986.351 985.6242 984.2458 982.5367 982.2404 982.449 982.6575 982.8661 982.2759 981.44 984.8272 988.2013 992.07 996.5791 1001.2 1004.116 
1015.009 1012.927 1010.974 1007.902 1004.955 1002.014 1000 1000 998.0346 995.3112 997.9147 1000.575 1002.644 1004.893 1007.154 1009.189 1011.351 1013.255 1013.174 1013.211 1013.744 1014.401 1015.09 1014.962 1014.873 1014.363 1012.897 1011.387 1010.115 1009.015 1007.979 1006.955 1005.931 1004.907 1003.883 1002.86 1001.836 1000.474 998.3076 995.995 993.6823 991.553 990 988.8463 987.1277 987.7369 988.5525 989.204 988.1227 986.2635 984.8338 984.5526 984.0611 983.5043 982.9868 982.7371 981.8969 981.1184 979.6638 978.2495 976.8352 975.3777 973.7934 972.2092 970.6249 965.9778 958.6863 951.8506 947.6581 944.0529 940.1367 935.2119 930.5203 929.1978 928.3852 929.2865 931.5117 938.4644 945.41 950.9776 952.9395 954.7352 956.6407 957.5361 958.713 961.1362 965.2932 969.4517 972.494 975.0807 977.6674 979.0838 979.811 981.4748 982.659 983.3557 984.0524 983.9598 984.5361 983.6603 983.4987 983.0253 982.5519 982.0822 980.5656 978.6757 978.7503 978.9649 979.1794 979.394 979.6086 982.8934 986.2806 989.6644 993.8452 997.6326 1001.077 1003.951 
1014.299 1012.276 1010.194 1007.404 1005.16 1002.75 1000 998.2101 994.61 991.0098 991.7347 993.5099 997.1338 1000.461 1002.072 1004.239 1006.773 1009.548 1010.734 1011.269 1011.957 1012.765 1013.324 1013.217 1013.303 1013.091 1012.288 1011.314 1009.941 1009.441 1008.724 1007.7 1006.676 1005.652 1004.629 1003.605 1002.581 1000.838 998.783 996.4703 994.1577 991.8331 990.5071 989.7919 989.4949 989.6442 989.4814 988.6253 986.4231 984.2491 982.4304 982.2706 982.1927 981.7318 981.2967 981.1501 980.6174 979.7756 979.1585 977.9852 976.5745 975.1628 973.7486 972.3343 970.7616 966.3816 958.6868 952.2526 947.8688 944.2205 939.919 935.9257 931.2343 929.238 928.3468 929.3452 932.2532 938.9794 945.8762 951.154 953.8021 956.1104 957.8064 959.5024 961.7918 965.018 967.7338 970.9438 973.3405 976.0282 978.1134 978.8407 979.568 979.9462 980.6644 981.361 981.9715 981.5761 981.3738 980.458 979.6122 978.9882 978.3641 977.7401 976.0525 975.3899 975.3438 975.4103 975.6249 977.1706 980.1588 985.1107 988.3982 991.3189 993.8912 997.4602 1001.065 1004.063 
1013.432 1011.524 1009.372 1006.509 1003.646 1001.372 998.7331 995.1776 991.6366 988.5385 986.864 988.0358 989.4252 992.006 995.2999 998.9269 1001.788 1004.477 1006.592 1008.349 1010.321 1011.129 1011.559 1011.609 1011.733 1011.589 1010.97 1010.319 1008.831 1008.963 1008.793 1008.294 1007.421 1006.397 1005.374 1004.35 1002.969 1001.201 999.2495 996.9195 994.6102 993.438 992.2444 990.7698 989.9228 989.7508 989.1279 986.9257 984.7235 982.53 980.381 980 980.1226 979.8248 979.6036 979.397 978.7297 977.9321 977.6403 977.2306 976.1818 974.8842 973.4735 972.0629 970.6522 966.7108 959.1567 953.1428 948.2884 943.9742 939.7059 935.9741 931.9481 929.3953 928.3597 929.3298 932.9606 940.2351 947.1384 951.5161 954.0879 956.6597 959.2745 961.3875 963.7953 966.2031 969.281 972.162 974.4544 976.9758 977.5157 977.2372 976.9587 976.6241 977.7844 978.9447 979.1561 978.3465 977.1504 975.8053 974.9094 974.0135 973.3641 973.0897 972.1503 972.1041 972.0579 972.6089 975.1882 978.2493 981.9273 986.4294 990.4855 993.0578 995.6301 998.1218 1000.756 1003.867 
1012.498 1010.709 1008.295 1005.612 1002.804 999.9175 997.2458 994.2566 991.2588 988.2151 984.6348 984.5608 986.052 987.7031 989.1158 991.3065 994.9572 998.6051 1001.111 1002.793 1005.535 1008.141 1009.306 1010.048 1010.203 1010.086 1009.451 1008.814 1007.573 1007.047 1007.215 1007.384 1007.552 1007.143 1006.119 1005.095 1003.332 1001.542 999.6758 997.5412 996.2635 994.7889 993.1755 991.4399 990 989.6304 987.4282 985.2261 983.0239 980.8217 980 980 978.9103 977.6202 977.2888 977.2067 976.5394 976.0886 975.9665 975.9501 975.2839 974.3391 973.0723 971.7833 970.3726 966.3264 959.821 953.1813 947.7778 943.728 939.4929 935.7611 932.0293 929.5119 928.4584 929.3032 932.8517 941.1317 947.9501 951.9487 954.6305 957.2065 959.7825 962.3364 964.8882 967.3214 969.4847 972.2941 974.0004 975.0394 974.8096 974.5311 974.2526 973.7412 974.4623 975.0204 974.275 973.3544 972.1596 971.2021 970.3062 969.5453 969.045 970 970.4713 971.1403 972.6381 974.3945 976.887 979.9241 984.3605 988.8201 991.3171 993.381 995.8364 998.3179 1001.002 1004.113 
1012.809 1010.548 1007.829 1004.963 1002.12 999.4213 996.8887 994.3561 992.02 989.1132 985.2776 981.6583 983.0141 984.6749 986.0876 987.5003 988.913 991.0351 994.8378 997.0464 999.026 1001.203 1003.386 1004.427 1005.455 1005.709 1006.055 1005.828 1006.315 1005.132 1005.3 1005.468 1005.636 1005.805 1005.973 1005.347 1003.509 1001.672 999.903 998.206 996.4705 994.7349 992.9993 991.2637 990 988.7087 986.6729 984.6248 982.5767 980.5286 980 978.8466 977.3152 975.7839 974.9745 974.889 974.371 974.2451 974.2922 974.4918 974.2001 973.3373 972.4 971.2296 969.8596 965.0865 960.3135 953.9575 948.142 943.416 939.2799 935.4907 931.6157 929.4018 928.3961 929.327 932.7194 940.9966 947.9497 951.9485 954.7371 957.5256 960.143 962.2925 964.442 966.5914 968.7409 970.084 971.4449 972.1842 972.1852 971.8325 971.5377 970.9866 970.8569 970.1218 969.4583 968.6184 967.6956 967.1907 966.4507 965.9231 966.6744 969.1943 970.9106 972.6671 974.4236 976.1801 978.5965 982.295 986.7037 990.4672 992.2582 994.0492 996.1083 998.5507 1000.966 1003.482 
1013.172 1010.858 1008.236 1005.48 1002.835 1000.189 997.9335 995.7404 993.0938 990.4471 986.6046 982.3068 980.6747 981.6467 983.0594 984.3416 985.5994 987.3275 989.0555 991.3074 993.0516 994.9828 996.8099 999.0096 1000.756 1001.899 1002.658 1002.88 1003.685 1003.485 1003.384 1003.553 1003.721 1003.879 1004.144 1004.679 1003.027 1001.298 999.5833 997.9139 996.2446 994.5587 992.8231 991.0875 990 988.6567 986.6231 984.5895 982.5363 980.4788 978.7828 977.2515 975.7201 974.1887 972.77 972.5683 972.2458 972.4016 972.6179 972.9429 972.7418 972.3279 971.3906 970.4533 968.1707 964.2021 960.2336 954.9278 948.6352 943.2315 938.8864 935.0681 931.4485 929.4318 928.4432 929.3774 932.877 941.4886 947.0908 951.0692 953.7114 956.348 958.919 961.2457 963.3952 964.9469 965.8525 966.4651 968.4139 968.9056 969.1399 968.4282 967.8595 966.8902 966.3621 965.7005 965.3054 964.4882 963.5298 962.7391 962.5885 965.7036 968.7473 970.9667 972.7933 974.5005 976.2092 977.9656 980.4313 984.7045 989.0469 991.4082 993.1992 994.9902 996.7813 998.8356 1001.243 1003.618 
1013.683 1011.405 1008.898 1006.244 1003.591 1001.445 999.437 996.741 994.0449 991.3488 987.8314 983.4917 980 979.0765 979.5906 980.9908 982.4565 984.0773 985.5395 986.9414 987.9659 989.0139 990.1163 991.8965 994.1708 996.3503 998.4221 999.8284 1000.694 1001.548 1001.469 1001.637 1001.771 1002.033 1002.468 1002.493 1001.478 1000.176 999.6085 998.557 996.5872 994.6172 992.6473 990.9113 990 988.5267 986.1926 983.8586 981.5246 980 977.5025 976.0499 974.3903 972.7181 971.0623 970.2476 970.1206 970.5454 970.9437 971.3907 971.2834 970.9917 970.3813 968.796 966.7663 964.1516 960.183 955.0848 949.468 943.8603 938.7177 935.0916 931.472 929.4379 928.4907 929.3527 932.6037 940.7401 944.891 949.7779 952.5221 955.0959 957.6669 959.8676 961.1157 962.1097 962.718 962.8099 964.0342 964.2491 963.836 963.1486 963.0145 962.347 961.8986 961.4297 961.1525 960.3372 960.6694 962.9386 965.8585 968.5989 970.9601 972.8315 974.703 976.4244 978.1315 979.8387 982.3247 986.6483 990.3512 991.9969 993.8124 995.6279 997.4435 999.259 1001.227 1003.299 
1014.491 1012.083 1009.641 1006.988 1004.65 1002.631 1000.729 998.2719 995.4624 992.6529 989.5337 984.9632 980.4064 976.8442 974.4296 976.7334 977.8329 980.1785 981.6407 983.0227 984.0178 985.0472 986.1022 987.0651 988.1549 989.2437 990.6325 992.5225 994.5493 996.5334 998.2994 998.7769 999.7698 1000.303 1000.457 1000.205 999.253 997.5497 998.2883 998.8376 997.7109 995.741 993.7712 991.8013 990 988.6046 986.2706 983.9366 981.9173 980 977.3455 974.2642 973.0737 971.7428 970.0706 966.9597 966.3268 967.1838 968.3617 969.5652 969.5552 969.1821 968.8831 967.1098 964.8029 962.5509 960.1325 955.0283 949.8816 943.9485 938.8093 935.1255 931.4955 929.4441 928.6174 929.3637 931.9659 940.1987 944.2566 948.0152 950.7405 952.9922 955.2441 955.5774 957.231 958.0134 958.9453 959.0692 959.2073 959.0696 958.3079 958.3583 958.2226 957.544 957.0279 957.1031 958.1422 960.0886 962.5317 965.6682 968.8878 970.9307 972.7537 974.6964 976.5678 978.3482 980.0621 981.9744 983.8868 987.8011 990.7678 992.3301 993.8925 995.4549 997.2523 999.0678 1001.008 1003.08 
1015.165 1012.757 1010.349 1007.855 1005.724 1003.749 1001.856 999.9437 997.1342 994.3146 991.2286 987.2492 983.4097 979.7888 974.1907 972.7092 973.5116 973.7195 976.188 978.0239 980.0695 981.0735 981.9243 982.971 984.0612 985.1499 985.9875 986.9271 988.179 989.4308 991.0778 992.8844 994.6577 995.8508 996.9043 996.6519 996.572 995.1364 995.926 996.9654 998.0048 996.8649 994.895 992.2084 990.0137 988.6826 986.5252 984.6391 982.9189 981.3216 979.0917 974.0441 971.288 970.0975 968.4867 965.108 962.5758 963.4294 964.7682 966.1719 966.5583 966.6259 966.5412 965.7975 963.8292 961.8608 959.3223 954.4742 949.6541 944.0934 938.9008 935.217 931.5333 929.5344 928.8187 929.3181 930.4027 937.1457 942.0631 944.8747 947.6833 950.4181 951.5363 951.2872 951.6427 951.6967 952.2125 952.4757 952.7333 952.7676 952.6606 953.9723 953.5148 952.6412 952.8377 955.9023 959.084 963.3803 966.5999 969.8196 971.3369 972.7637 974.203 976.0231 978.2015 980.3047 982.2171 984.1295 986.0419 989.2409 991.1061 992.6843 994.2624 995.8405 997.4186 998.9962 1000.657 1002.218 
1016.124 1013.656 1011.172 1008.817 1006.77 1004.876 1002.983 1001.089 998.806 995.8581 992.7721 989.5786 985.5389 981.5175 976.944 972.8846 970.5165 968.328 968.2087 969.4266 971.9793 974.2303 975.8005 977.8701 979.7559 980.5599 981.3082 982.2202 983.5193 984.973 986.2385 987.9 989.6242 990.8519 992.092 992.9554 993.351 992.8583 993.5699 994.6031 995.6425 996.6819 995.8823 993.7128 991.5081 989.5554 987.8352 986.1882 984.6014 983.0146 981.4278 979.4556 973.4847 970 967.2104 963.9284 960.421 959.9654 961.3749 962.7786 963.5771 964.0696 964.1812 964.1579 962.517 960.5485 957.9274 953.6136 948.7943 943.978 938.9923 935.3953 932.0535 929.7353 929.0486 929.0961 929.6992 933.1025 938.351 941.6007 944.431 946.0668 946.2528 946.0707 946.3591 946.4089 947.563 947.7094 947.6195 947.2033 950 950 952.0806 954.1079 956.9933 959.6155 962.975 967.5317 970.3305 971.7468 973.163 974.5966 976.0359 977.4752 979.2925 981.4933 983.705 985.9166 988.1282 990 991.3586 992.9367 994.5148 996.093 997.5095 998.5152 999.6411 1000.993 
1017.233 1014.708 1012.183 1009.755 1007.862 1005.968 1004.074 1002.181 1000.281 997.2816 994.1527 991.1471 987.4713 983.382 978.5133 974.5837 970.4139 967.5922 964.9935 966.1077 967.3583 968.6215 969.2314 970.9581 973.3798 974.6584 975.6494 977.0377 979.0489 980.8182 981.8181 983.0682 984.3784 985.985 987.1856 988.3862 989.7358 990.5801 991.2917 992.2409 993.2546 994.0284 994.7103 994.3803 992.881 990.692 989.3242 987.7013 986.0784 984.4555 982.8326 981.1563 977.3388 970.4485 966.7603 963.318 959.5939 956.564 957.5776 959.2776 960.5959 961.5134 961.8213 962.0101 961.2047 958.8852 956.0118 952.7531 947.9344 943.134 939.2353 936.1605 932.8495 929.8989 929.3123 929.0318 929.5981 929.9139 933.3098 937.0695 938.7429 940.006 940.5838 940.5833 941.0276 942.091 943.8951 944.0127 943.0181 945.7763 950 953.2272 955.6776 957.7433 960.8289 964.2832 967.9581 970.7404 972.1566 973.5728 974.9903 976.4296 977.8688 979.3082 979.9843 981.9628 984.021 986.1027 988.2017 990.0329 991.611 993.0838 994.5196 995.7703 996.6574 997.6439 998.7607 999.402 
1018.135 1015.585 1013.145 1010.764 1008.714 1006.821 1004.927 1002.994 1001.057 998.6152 995.6095 992.6039 989.4534 984.6816 978.8311 974.9014 971.4543 968.1758 964.636 962.9537 964.6994 965.9714 966.196 967.408 968.0605 969.0546 970.0937 971.482 972.8703 975.0495 976.8948 977.9492 979.0035 981.0594 982.291 983.3067 984.5597 985.8761 987.6044 989.2327 990.3514 991.0998 991.8322 991.7524 991.1448 990.2737 989.5173 988.9746 987.3879 985.765 984.1421 982.3861 980.6981 976.5128 969.188 963.576 960 956.7767 953.5559 955.2811 956.8024 957.4626 958.5142 959.5762 958.2668 956.9261 954.0773 951.2228 947.409 943.2376 939.3117 936.2369 933.1219 930.005 929.593 929.1774 929.3436 929.6528 929.8786 931.2822 933.6923 934.311 934.5237 934.7305 937.2441 940 940.0516 942.6092 945.7669 949.16 952.9248 956.6624 959.2016 961.3859 964.0462 967.4693 970.5325 972.2228 973.9827 975.3989 976.8232 978.2625 979.3092 979.6468 979.9843 981.9628 984.021 986.0792 987.865 990.074 991.5197 992.7803 993.9801 994.7996 995.6467 996.7996 997.2288 997.9465 
1018.986 1016.597 1014.216 1011.836 1009.567 1007.649 1005.797 1003.946 1001.795 999.5095 996.6414 993.7731 990.8809 985.2205 979.1489 975.7819 972.7814 969.7415 966.6606 963.3515 962.0951 963.3673 963.1649 964.0234 964.1824 964.9901 965.8516 966.906 967.9604 969.1166 971.372 972.6747 973.934 975.6512 976.9078 978.0334 979.204 980.3655 982.4224 983.9618 985.4202 986.809 988.0853 988.6644 987.7062 988.0995 988.663 988.8832 988.3405 987.0745 985.4516 983.6646 981.9974 980.3976 973.9206 968.1899 963.2889 958.5021 954.5662 951.2944 950.9919 951.3185 951.9677 952.571 952.8139 952.7188 951.4683 948.8317 945.1694 941.2419 938.3134 935.7672 932.9143 929.9735 929.1729 927.8557 929.4534 929.4961 929.6551 929.8588 932.2473 933.0925 934.3301 936.3961 938.5147 940.9313 944.3531 948.0732 950.5786 953.5027 957.2781 960.4343 962.4941 965.0679 967.2879 970.305 972.0151 973.7094 975.4362 977.225 978.6341 978.9717 979.3092 979.6112 979.761 981.5385 983.3057 985.4305 987.6234 989.6653 991.0411 992.1223 992.9418 993.7613 994.8023 995.42 995.6559 996.3207 
1019.617 1017.236 1014.855 1012.598 1010.64 1008.76 1006.719 1004.554 1002.389 1000.224 997.3374 994.2864 991.2355 985.969 980.2845 977.2407 974.5848 972.0636 969.0432 965.6074 962.0828 960.7632 960.0403 960.1993 960.3583 960.9255 961.738 962.6865 963.2703 964.0963 966.0194 967.4003 968.5834 969.9952 971.277 972.436 973.8002 975.1817 976.9418 978.5779 980.2316 981.69 983.3757 983.8751 984.3608 985.4385 986.2664 986.6042 986.9422 987.2801 986.7286 984.9584 983.2966 981.362 976.4938 972.1028 968.1913 961.0777 956.8149 953.8947 951.5685 950.1332 948.7395 946.3057 947.2283 947.1447 944.6702 942.3585 939.826 938.6241 936.8768 934.4613 931.9299 929.1788 926.9187 927.0181 928.9547 929.8506 929.9243 931.2804 936.2723 939.3949 940.816 942.7379 945.9932 949.2007 951.2097 953.2902 956.5001 959.7672 961.4426 962.9993 964.5559 966.7357 969.5908 971.6246 973.4977 975.1959 976.8196 977.2621 976.9998 977.0182 977.0367 977.0552 978.6998 980.666 982.7756 984.8853 986.8893 988.8857 990.2645 991.084 991.9035 992.8051 993.5178 993.8471 994.1734 994.444 
1020.075 1017.861 1015.679 1013.741 1011.684 1009.752 1007.622 1005.492 1003.363 1001.203 998.2473 994.6411 991.5901 986.7563 982.3707 979.5083 977.1289 974.4658 971.2056 967.6614 963.7648 959.7377 957.6362 957.3856 957.0894 957.2031 957.9213 958.4992 958.7347 959.369 960.7 962.1259 963.2866 964.7797 965.9991 967.6612 968.7143 969.7397 971.014 972.5817 974.254 976.2562 978.9031 980.6221 981.6998 982.7775 983.8551 984.2076 984.5455 984.9651 985.2282 984.2518 983.0625 981.0665 978.5875 974.9649 971.3423 965.4478 959.0969 956.5729 954.0992 951.6401 949.6907 943.9434 941.1927 940.592 939.1508 937.2526 935.804 934.9935 934.6014 932.7509 930.4411 928.0424 925.265 927.4174 929.7831 933.5847 937.9056 941.45 943.9012 945.9326 947.9409 949.9492 951.8395 953.6693 955.2707 957.8232 960.1783 961.057 962.7187 964.4471 966.5841 968.6774 970.6263 972.4565 974.4004 975.1873 975.2998 974.9809 974.4437 974.4622 974.4807 975.7931 977.3675 980.0374 982.117 984.0032 985.8202 987.6371 989.4541 990.0457 990.8652 991.5862 992.0383 992.2742 992.718 992.5673 
1020.834 1018.779 1016.635 1014.563 1012.657 1010.752 1008.71 1006.58 1004.422 1002.248 1000.075 996.2095 992.2844 988.5995 986.2466 983.0801 979.673 976.6663 973.243 970.3178 966.1337 961.7032 959.1526 956.5088 954.173 953.5792 954.2897 954.7259 955.4353 956.2562 957.2818 957.8921 958.7337 959.7654 961.7327 963.4417 964.7254 965.8436 967.0895 968.0181 969.2236 970.9517 973.7534 976.4631 978.3325 980.1164 981.1941 981.8109 982.2855 982.8858 983.1625 982.2252 981.3161 979.4164 977.7034 975.9904 973.3209 969.517 962.5872 958.7284 956.2037 953.9091 951.7993 949.2668 944.1786 940.139 936.9888 934.3411 932.1445 931.363 930.9708 930.5786 928.6848 926.4754 925.8304 928.2972 932.5709 938.2141 942.6632 946.8541 949.8856 950.9371 951.931 952.9247 954.9083 957.4164 959.523 960.4915 961.1168 962.2065 963.8682 965.5298 967.1915 968.9908 971.0098 972.6923 973.3823 972.8932 972.7813 972.6996 972.1556 971.9062 972.7712 973.8889 976.569 979.6279 981.1498 982.9963 984.8429 986.6895 988.5983 989.4951 989.8083 990.2064 990.4654 990.7012 990.8483 990.6906 
1021.474 1019.426 1017.443 1015.537 1013.631 1011.725 1009.798 1007.64 1005.474 1003.367 1001.273 999.0445 995.5578 992.8494 990.1409 986.9524 983.5301 978.969 976.0199 973.0082 969.5569 965.4626 961.9208 959.1896 957.0173 954.834 952.1615 951.5431 952.364 953.185 954.1517 954.361 955.2862 955.9728 957.6933 959.4305 960.9601 962.3124 963.5785 964.8516 965.9083 967.2498 969.053 971.649 973.7164 975.5858 977.4746 979.2986 980.2063 980.8066 980.9713 980.3405 979.7155 978.0441 976.2606 974.4915 972.7785 971.0655 966.9322 961.7197 958.3082 956.1768 953.8271 951.9717 950.3041 945.7283 941.1111 938.196 935.7911 932.7911 930.2773 929.1235 927.3654 925.3417 926.7406 928.9004 934.6002 942.6528 947.5268 950.6228 952.1021 953.6583 954.8808 955.8746 957.6177 960.0381 960.7969 961.4371 962.0552 963.356 965.0176 966.6793 968.341 969.3492 970.3531 971.3304 971.4807 970.9712 970.3549 970.2726 970 970 970.5312 973.4056 976.5167 979.6279 980.2668 982.1133 983.9599 985.6285 988.1325 988.7338 989.0426 988.3388 987.978 988.4085 988.4758 988.2421 
1022.76 1020.537 1018.486 1016.581 1014.675 1012.77 1010.895 1009.021 1006.913 1004.806 1003.032 1001.262 999.4266 996.5389 993.6707 990.9271 987.7343 982.7747 978.7451 975.4384 972.1591 968.649 965.1688 962.3943 959.9992 957.827 955.1448 951.7711 950.4996 950.2336 950.7191 950.8643 951.551 952.2375 953.8055 955.4995 956.4296 958.3459 960.2625 961.7818 962.5931 963.825 965.4296 966.8548 969.0883 971.4828 973.7357 975.5971 976.6658 978.3155 978.7173 978.0927 977.9844 977.3346 975.9561 974.3347 972.7133 970.9653 967.998 963.9683 960.4244 957.9163 955.907 954.2394 952.5718 950.9042 947.1955 942.4758 938.9665 934.8914 930.8443 928.5243 927.2302 926.4062 927.4632 929.5396 939.8477 946.1139 950.4123 951.9954 953.8043 955.3893 956.9224 958.5861 960.099 960.8578 961.6166 962.3754 962.9937 964.5055 966.1672 967.1755 968.0261 968.6208 969.0806 969.5261 969.4774 968.9603 968.1822 969.663 970 970 971.3211 974.3293 977.093 978.9074 980 981.2303 982.8932 984.8694 987.6554 987.9707 987.6848 986.413 985.5594 985.5369 985.6945 985.3073 
1024.334 1022.016 1019.563 1017.658 1015.753 1013.847 1012.036 1010.364 1008.352 1006.511 1004.681 1002.953 1001.435 999.84 997.041 994.1774 991.2397 986.6454 981.8636 978.0255 974.7037 971.4006 968.5983 965.6821 963.287 960.8918 958.0443 954.6706 951.2969 950 949.3359 948.0162 948.1451 948.6879 949.9091 951.0275 951.6372 953.3256 955.5979 957.3997 958.7626 960.4001 961.8062 962.082 964.6618 967.329 970.017 971.8957 973.6816 975.5721 976.4132 975.7648 976.2141 975.8732 974.9537 973.7202 972.1495 970.5281 968.0298 965.1082 962.1864 959.6738 957.7491 955.8245 953.9504 952.1523 950.3542 946.1055 942.6637 939.4817 933.5484 929.6531 928.8835 928.009 929.1049 929.9832 941.164 948.0498 951.3649 953.1467 954.7299 956.4719 958.355 960.087 960.8629 961.6387 962.4146 963.1904 963.9933 964.8452 965.4188 965.9924 966.566 967.1396 967.327 967.3958 967.1194 966.6945 966.3718 967.9281 969.4844 970 971.8957 974.1884 975.8829 977.2069 978.5617 980.158 981.7219 984.4037 986.8941 987.1772 985.6001 984.4871 983.6335 982.7799 982.9131 981.9817 
1025.908 1023.495 1020.879 1018.735 1016.83 1014.925 1013.177 1011.506 1009.931 1008.101 1006.271 1004.69 1003.171 1001.403 999.8076 996.8933 993.8739 989.905 985.1438 980.7899 977.3772 974.1776 971.6867 969.033 966.5741 963.8856 961.4302 958.9911 955.519 952.1846 949.5317 948.0956 946.3704 944.7564 945.6505 946.1992 946.9528 948.1212 949.6551 951.4107 952.985 954.4709 956.8203 957.7805 960.6526 963.4143 966.0426 968.8552 970.9382 972.8288 974.1091 973.8007 974.4437 974.3166 973.4923 972.5728 971.3394 969.9357 967.4132 965.2175 963.0217 960.8259 958.8131 956.953 955.0275 953.1158 951.2494 948.8326 945.4472 942.0619 937.4719 931.0107 928.813 927.2178 928.7138 932.1587 942.2015 948.4993 951.506 953.4833 955.4604 957.4377 959.1396 960 960.6713 961.4706 962.27 963.0693 963.3333 963.3639 963.9375 964.5111 965.0847 965.6583 965.5689 965.2656 964.8616 964.4287 964.6368 966.1932 967.7495 969.3058 971.1089 972.8717 974.1516 975.5064 977.6014 979.7357 981.1406 983.938 986.1328 985.0925 983.5153 982.5612 981.7076 980.854 980.0157 978.2083 
1027.482 1024.974 1022.359 1019.813 1017.907 1016.002 1014.319 1012.73 1011.239 1009.691 1007.945 1006.233 1004.335 1002.803 1001.301 999.6091 996.508 992.1527 988.0056 984.0491 980.0926 977.03 974.5391 971.9952 969.3754 966.6869 964.1184 962.1024 960.1492 956.9713 953.6966 950.683 949.5372 948.0898 945.999 944.203 942.2349 943.0634 944.374 945.9628 947.3887 948.533 951.2469 953.662 956.5574 959.5145 962.8398 965.5573 967.8301 970.0855 971.8051 972.0134 972.6733 972.5462 972.031 971.1114 970.1918 968.6454 967.343 965.3787 963.1979 961.0172 959.5789 957.6554 955.7292 953.6434 951.5576 949.1292 945.7098 942.472 938.5219 932.7026 928.9799 926.8581 928.2238 932.7095 942.3904 948.9488 951.6472 953.6244 955.6016 957.4866 959.322 960 960.4269 961.2263 962.0256 962.4235 962.5427 962.5177 962.4562 963.0299 963.6035 964.1771 963.8109 963.1354 962.6929 962.1629 962.9019 964.4583 965.7921 967.818 969.8763 971.1276 972.5809 974.7151 976.8494 978.9837 981.0896 983.6614 984.5849 983.0078 981.489 980.6354 979.6411 978.2372 976.867 974.8974 
1029.057 1026.453 1023.838 1021.222 1018.985 1017.131 1015.517 1014.026 1012.535 1010.951 1009.26 1007.362 1005.706 1004.203 1002.701 1001.199 998.7921 994.0969 989.5604 986.0298 982.5634 979.8184 977.2715 974.7117 972.108 969.4882 966.8066 964.7927 962.8758 961.0108 958.5022 955.1378 953.6966 952.1223 950.4809 948.7173 946.7388 944.7205 942.5037 940.7533 941.8746 943.7569 946.9027 948.8594 950.9742 955.0911 959.4988 962.2595 964.5322 966.9008 969.2324 970.226 970.896 970.7759 970.5696 970 968.5035 967.1663 965.6694 964.5511 963.1018 960.9211 959.1601 957.2469 955.2445 953.1954 951.1464 948.8043 945.9386 942.8156 939.481 934.2104 929.4244 926.569 927.9243 932.9047 942.087 949.2231 951.6624 953.514 955.3657 957.2173 958.9371 960 960.1826 960.9819 961.4455 961.6569 961.752 961.7615 961.6779 961.5486 962.1223 962.6959 962.0529 961.0052 960.524 960 960.7931 962.382 964.6756 967.1105 969.67 970 972.0597 974.2402 976.5582 979.2141 980.1528 982.5102 982.2905 980.8214 979.2814 977.8776 976.4736 975.0697 973.7471 971.8419 
1030.446 1027.97 1025.317 1022.701 1020.085 1018.303 1016.781 1015.068 1013.437 1011.878 1010.32 1008.608 1007.082 1005.457 1003.832 1002.327 1000.919 997.9998 992.2467 988.0148 984.9752 982.4881 980.001 977.4246 974.8209 972.2173 969.601 967.5065 965.6024 963.79 961.9626 959.7993 957.8456 956.2081 954.5729 952.9346 951.2429 949.1248 946.7126 945.0172 943.4659 940.1749 943.2357 945.0627 946.4765 949.8468 954.2294 959.9609 962.4059 964.6975 966.1619 967.2947 968.2581 968.0668 967.9036 967.3811 966.7042 965.0458 964.0698 962.9246 961.7593 960.3886 957.4672 954.2773 953.1062 951.5533 949.6949 946.8494 944.4432 942.0493 938.1878 933.3538 929.0453 925.8149 927.8904 932.7941 941.4732 949.2227 951.6623 953.3821 954.9692 956.5563 957.7819 958.9894 960 960.4633 960.7185 960.8723 960.9614 961.0052 960.9322 960.8112 960.641 961.0275 960.2948 958.5086 960 960 960 961.7948 964.3448 966.9043 969.4638 970 972.2869 974.9427 977.5985 978.9692 979.6868 980.1868 979.8941 977.9858 976.0981 974.7031 973.3062 971.9023 970.6129 970 
1031.611 1029.565 1026.886 1024.207 1021.496 1019.195 1017.483 1015.922 1014.364 1012.807 1011.249 1009.678 1008.053 1006.44 1004.964 1003.541 1002.133 1000.725 996.998 990.7098 987.6395 985.1146 982.6765 980.5218 978.0269 975.4233 972.8358 970.2855 968.5601 966.9183 965.1261 963.7928 962.0958 960.3424 958.6978 957.0331 955.2845 953.0414 950.8947 949.6364 948.1318 946.6273 940.1908 940.0883 942.2721 945.6423 949.0126 954.407 960.1626 961.8629 963.0779 964.1979 964.7307 964.6254 964.612 964.2966 963.9053 963.1054 962.0646 961.0948 960.1798 957.3929 953.9759 951.7376 950.0455 948.7285 946.8201 944.9525 942.3213 940.0821 936.9909 932.8834 928.7135 925.4342 927.1401 931.8826 939.7751 948.016 951.0013 952.5884 954.1755 955.3932 956.5741 957.7816 958.3735 958.9431 959.8187 960.0817 960.1707 960.249 960.176 960.1029 959.4893 957.9654 956.1776 955.0591 956.5343 960 960 961.82 964.1981 966.7108 969.2575 971.2861 973.3414 975.983 977.8918 978.369 977.7573 976.6647 975.9332 974.8137 972.914 971.519 970.124 968.1507 967.277 970 
1032.577 1030.654 1028.233 1025.477 1022.654 1020.015 1018.445 1016.876 1015.308 1013.739 1012.179 1010.622 1009.083 1007.607 1006.164 1004.756 1003.262 1001.783 1000.255 994.7917 990.2267 987.705 985.5503 983.3956 981.2408 978.9012 976.5208 974.1655 972.2656 970.7588 969.6077 968.2744 966.5287 964.7789 962.9908 961.2103 959.1098 956.8376 955.022 953.374 952.1941 951.0142 945.5336 939.1978 938.2365 940.3055 943.6017 946.6844 949.704 955.6382 959.9765 960.7624 961.2032 961.2949 961.3204 961.2122 960.8209 960.4296 959.3552 955.6827 952.3457 951.1473 949.4103 947.8397 946.1699 944.8541 943.6395 941.8834 940.21 937.4008 934.5474 930.7866 927.7713 924.856 926.0353 929.6721 938.176 945.3275 950.2076 951.7946 953.0124 954.1588 955.3663 955.8527 955.8995 955.9824 956.9305 957.3792 957.7084 956.9463 956.1875 955.319 953.3615 952.4327 951.3366 950.587 951.3875 957.5922 961.1424 962.9889 964.8194 966.7661 969.2787 972.2671 975.032 976.6844 976.0726 975.4609 974.8491 973.6208 972.2872 971.17 969.6867 967.6092 965.5477 963.5179 965.1392 968.8669 
1032.633 1030.969 1028.982 1025.901 1023.381 1021.276 1019.606 1018.037 1016.469 1014.9 1013.332 1011.763 1010.255 1008.787 1007.265 1005.647 1004.237 1002.791 1001.239 998.7407 993.6993 990.7163 988.3996 986.2429 984.0862 982.1703 980.3743 978.1432 975.7308 974.3727 973.2975 971.7483 970.6148 969.1661 967.3743 965.2748 962.9855 960.9539 959.1888 957.0333 955.8533 953.7537 951.5051 944.9029 939.4623 938.4755 939.1422 942.0175 944.8032 947.093 949.3045 953.0578 954.8323 954.9667 955.0311 954.0762 951.3246 949.5289 948.7419 947.9034 947.32 946.5089 945.2561 944.1779 942.5295 941.0217 939.6345 938.2846 936.2427 934.1923 931.6526 929.0036 926.2028 923.4019 925.729 928.7454 935.4562 942.5189 947.9293 950.6316 951.7742 952.951 953.3319 953.3787 953.4255 953.4723 954.0424 954.4563 953.8092 952.3889 951.2189 949.2371 947.2053 946.1302 944.7808 950.3825 955.5163 960.2864 962.1533 964.0201 965.8868 967.7466 969.6065 971.0955 972.9556 973.775 973.2133 972.5527 971.9107 970.577 969.1884 967.5165 965.9622 963.8763 961.7904 961.9867 964.8674 969.144 
1032.334 1030.67 1029.135 1026.824 1024.62 1022.538 1020.833 1019.198 1017.63 1016.061 1014.493 1012.942 1011.442 1009.65 1008.097 1006.691 1005.285 1003.775 1002.222 1000.67 997.1718 994.3715 991.5944 989.0814 986.9938 985.1978 983.481 981.593 979.4095 977.9867 976.3782 974.5828 973.0791 972.0062 970.7679 969.2952 967.0396 965.0391 963.0787 960.7056 958.2558 956.0015 952.7184 947.9266 941.0565 936.5308 935.4735 937.5517 939.2301 941.2952 943.5058 945.7945 947.2411 947.3963 947.666 947.2745 945.9928 945.1859 944.6685 943.9636 943.304 942.2354 941.1308 940.2257 938.4185 936.2719 934.7247 933.4172 932.1098 930.2275 928.7335 926.8516 924.0508 922.5399 924.0645 927.1883 930.8209 938.9366 943.9099 947.9507 950.536 950.8111 950.8579 950.9047 950.9515 950.9983 951.1373 950.6721 949.0662 947.2935 946.3163 944.7115 942.0837 943.6203 948.7397 953.9818 959.1161 961.2393 963.0425 964.9023 966.7622 968.6221 969.7537 969.9125 970.346 970.7492 970.4447 969.7986 968.9227 967.3542 965.9238 964.2106 962.2293 960.8301 961.2902 961.5401 964.2604 968.1131 
1031.569 1030.372 1029.837 1028.063 1025.859 1023.799 1022.095 1020.391 1018.791 1017.222 1015.654 1014.129 1012.38 1010.635 1009.145 1007.739 1006.311 1004.759 1003.206 1001.654 1000.232 997.7382 994.961 992.3234 990.2406 988.5159 986.838 984.7004 982.8472 981.1802 978.9901 977.2455 975.4974 974.3428 972.7754 971.6584 970.5415 968.9901 966.879 963.7817 960.6506 957.1725 953.7457 950.3229 944.2666 939.6571 936.7877 934.1844 933.6947 936.4212 938.2362 939.4121 940.592 941.1776 941.7631 942.2214 941.4811 940.8766 940.3593 939.6975 937.98 935.7534 934.6502 933.5557 932.575 931.1311 929.8728 928.9346 927.9965 927.3793 926.141 924.6783 921.9868 921.9276 922.4034 925.5268 928.6501 930 938.6757 943.3416 946.3895 947.377 947.4507 947.5246 947.5984 947.6722 947.1845 945.5046 943.5994 941.6941 940.6935 941.6578 942.8499 947.6702 952.454 957.5815 960.7919 962.2888 963.9179 965.7777 967.6376 969.4127 969.5715 969.1801 968.1475 968.4219 968.1095 967.5463 966.3975 964.5035 962.6591 960.9297 960.0939 960.554 960.9411 961.0935 963.6535 966.6537 
1030.223 1029.07 1029.7 1029.302 1027.097 1025.061 1023.356 1021.652 1019.952 1018.384 1016.816 1015.169 1013.46 1011.841 1010.223 1008.787 1007.295 1005.742 1004.171 1002.727 1001.479 1000.199 998.2238 996.1409 994.0579 991.9749 990.0584 987.9473 986.155 983.9167 981.5893 979.6266 977.975 975.9083 974.7828 973.6659 972.4019 971.2952 969.3972 966.0968 962.6048 958.7388 955.3282 952.1238 947.9708 944.0622 940.8266 937.8191 934.8069 931.893 933.8441 935.1428 936.1979 936.2167 936.6562 937.1876 935.3353 933.6841 932.4429 930.7363 929.7006 929.1526 928.8568 928.3994 927.7172 927.1545 926.3344 925.4172 924.6661 924.2422 923.3309 922.2643 921.3745 921.3153 921.2561 923.8657 926.6266 928.9118 932.8718 937.1371 940.5817 943.6003 943.5891 943.6221 943.6959 943.4136 942.0239 940.6342 938.4974 936.266 940 942.6416 947.518 951.4811 956.2336 960.3156 961.8414 963.3384 964.8354 966.6531 968.5129 969.2306 968.6539 967.598 966.5511 966.3246 965.873 965.2941 963.8723 961.9783 960.0844 958.5206 959.1763 960.2699 960.5632 960.6469 963.0466 965.1944 
1028.4 1027.208 1028.245 1029.282 1028.336 1026.322 1024.618 1022.914 1021.209 1019.545 1017.957 1016.286 1014.667 1013.048 1011.429 1009.831 1008.258 1006.684 1005.223 1003.975 1002.534 1001.149 999.6841 997.6011 995.5181 993.4351 991.7612 990.6263 988.7315 986.351 984.0403 982.1386 979.8352 977.9072 976.605 975.3087 973.9095 972.318 970.7385 968.2426 964.4583 959.8605 956.7206 953.5806 950.8154 948.3394 945.0759 941.8918 938.6501 935.7402 932.9099 930.9791 931.9271 931.8373 932.0391 932.9915 931.8004 930 929.3326 928.1145 927.3631 926.6387 925.8784 925.0447 924.5755 924.3192 924.0838 923.9473 923.5959 923.0491 923.0991 923.364 922.6188 921.4097 920.6438 922.0556 924.2427 926.3397 928.274 930.4053 934.1186 937.5486 939.7375 939.7214 939.7095 938.0906 936.5717 934.9699 934.1568 938.5135 943.0036 948.2657 952.0424 955.1721 958.7695 961.1273 962.6484 964.3656 965.8849 967.5285 968.8897 968.1278 967.0719 966.0159 964.96 964.2272 963.8503 963.0418 961.3471 959.5229 957.8705 956.2601 957.4792 959.2823 960.1166 960.2003 961.765 962.1792 
1026.483 1025.54 1026.577 1027.615 1028.652 1027.583 1025.879 1024.175 1022.451 1020.717 1018.979 1017.303 1015.628 1013.952 1012.312 1010.76 1009.197 1007.718 1006.331 1004.872 1003.452 1002.098 1000.744 999.0613 996.9783 994.8954 993.4639 992.1636 990.6891 988.7761 986.5765 984.2858 981.6093 979.5297 978.1575 976.5238 974.9245 973.345 971.7654 970.1395 965.4155 960.477 957.1634 954.6265 953.3635 951.5757 949.5042 946.6365 943.325 939.7239 936.8601 934.7459 933.2691 932.9795 932.8687 931.5796 930.2383 930 929.4866 928.8063 928.4462 928.457 928.2817 928.1348 928.2003 928.1655 927.8417 927.4382 927.041 926.304 926.1456 926.3317 925.6426 924.4457 923.2366 921.3213 921.4158 923.4061 925.0558 926.47 929.0988 932.6678 934.2993 934.995 936.4346 934.47 931.563 934.5234 938.7396 943.3699 948.3481 951.2983 953.3137 956.9853 960.2781 961.9314 963.4601 964.9813 966.689 968.4167 967.6017 966.5457 965.4898 964.4338 963.3779 962.4005 961.8278 960.7159 958.9722 957.3197 955.6673 954.0148 955.2388 956.7186 958.2537 958.7087 960.3097 961.0519 
1024.565 1023.872 1024.909 1025.947 1026.919 1027.727 1026.883 1025.156 1023.423 1021.568 1019.741 1018.065 1016.389 1014.789 1013.238 1011.686 1010.201 1008.669 1007.211 1005.755 1004.401 1003.047 1001.693 1000.339 998.4386 996.3557 995.1129 993.6384 992.012 990.7017 988.7842 986.1508 983.7383 981.2503 979.1381 977.5311 975.9361 974.1247 972.3133 970.502 966.3271 961.3093 958.5326 956.6606 955.9115 954.1603 952.5495 950.8289 948.3403 945.4314 941.3667 938.8384 937.493 937.453 937.6124 936.7031 936.1787 934.6354 933.7631 932.7673 931.7887 931.7284 932.0117 932.3701 932.474 932.4978 931.9434 931.3763 930.2295 929.5589 929.3875 929.2954 928.4973 927.4816 925.9681 923.9889 921.6691 920.114 920.7476 922.1617 924.5685 927.6579 930.0955 931.5351 932.9747 932.1374 930.6819 936.4531 941.6201 946.8494 950.7448 953.1017 955.1713 958.2565 960.8165 962.3712 964.228 965.7714 967.3141 967.0945 966.0076 964.9576 963.9076 962.8517 961.7958 960.8041 959.7873 958.5682 956.5682 954.7437 953.1414 952.5572 954.0978 954.9812 957.0344 958.8265 960.9042 964.222 
1022.74 1022.204 1023.242 1024.146 1024.996 1025.811 1026.379 1026.122 1024.267 1022.411 1020.556 1018.827 1017.275 1015.853 1014.431 1013.008 1011.583 1009.549 1008.09 1006.704 1005.35 1003.996 1002.642 1001.288 999.8989 998.0043 996.5367 994.8151 993.4143 991.9625 990.4085 988.1322 985.4855 982.8032 980.0565 978.2251 976.4138 974.6024 972.7911 970.8483 967.8955 964.2727 960.5012 959.2087 958.4595 956.929 955.3965 953.6758 952.4373 950.8934 947.1003 943.9543 941.9667 941.9939 942.8339 943.0729 942.5577 941.8711 941.377 939.6226 936.9973 936.4841 936.994 937.7014 937.6032 937.0566 936.5086 936.1445 935.2226 934.4052 934.0394 933.3851 932.0944 930.4992 928.6595 926.6565 924.3295 921.9183 920.0518 920.0153 919.9717 922.1683 924.6819 926.9575 929.2331 930.1133 930.4622 937.9221 943.3503 948.9591 952.0162 954.5438 956.9584 959.5278 961.3548 962.9095 964.5834 966.5068 966.2908 965.5229 964.408 963.358 962.3079 961.2579 960.2079 958.9043 957.5795 956.2991 954.9901 952.8212 951.4451 954.0168 956.4528 957.8017 959.7878 962.0518 964.3187 968.1066 
1020.731 1020.478 1021.373 1022.266 1023.099 1023.98 1024.424 1025.172 1024.598 1022.844 1020.998 1019.579 1018.632 1017.21 1015.787 1014.365 1012.943 1010.673 1009.007 1007.653 1006.299 1004.945 1003.591 1002.225 1000.846 999.3938 997.6722 996.1268 994.6424 993.0759 991.4103 989.5212 986.8369 984.0374 981.2326 978.9451 976.921 974.8968 972.8726 970.8484 968.1638 965.889 963.6143 962.5184 961.3696 959.7589 958.2435 956.9195 955.8878 955.0071 952.388 949.4551 946.8105 946.793 948.2155 949.7036 949.7767 948.5066 946.5721 943.5042 941.6797 941.3312 943.455 944.6361 944.5532 943.402 941.9518 941.4771 940.529 939.8319 939.0151 937.8854 936.5168 934.4681 932.006 929.3171 926.9899 924.5865 922.1545 919.9529 919.6934 919.7991 919.9993 922.5568 925.1468 927.7978 931.0228 938.3424 944.5206 950.0503 952.5676 955.0938 957.6248 960.101 961.7426 963.3842 965.0026 965.3687 964.4896 963.7823 962.8083 961.7583 960.7083 959.4927 957.934 956.5875 955.3718 954.0471 953.412 951.2431 952.5231 955.1827 957.7438 960.053 962.4414 964.2874 967.7515 970.5975 
1018.896 1019.268 1019.639 1020.387 1021.269 1022.15 1022.73 1023.518 1023.301 1022.612 1020.865 1019.575 1018.744 1017.913 1017.082 1015.722 1014.299 1011.972 1009.604 1008.225 1006.846 1005.467 1004.191 1002.924 1001.657 1000.39 998.8394 997.2974 995.6739 993.9896 992.2731 990.4078 987.7156 984.8262 982.0049 979.4127 977.508 975.6507 973.883 972.6682 971.1053 969.334 967.2452 966.0016 964.5251 962.8589 961.2762 960.3564 959.4944 959.0961 957.1155 954.5044 952.2704 951.2935 951.9184 952.3297 953.0668 952.5501 950.1144 947.3207 946.0359 947.0922 950.5732 951.2872 951.316 950.7271 949.0949 946.7402 944.9501 944.2842 943.209 942.188 940.8419 938.8843 936.4213 932.9498 929.6502 927.2547 924.6461 921.2225 919.77 919.3771 919.5809 919.8587 922.2948 925.1312 930.8487 937.3162 944.1587 950.0732 952.5905 955.1078 957.6251 960.0986 961.6715 963.2776 964.6707 964.1373 963.0546 962.0339 961.218 960.1587 958.6769 957.1182 955.5613 954.1929 953.0753 951.8393 951.5055 950.9414 953.6011 956.2607 958.9181 960.1154 963.0645 966.0135 968.7705 971.3459 
1016.176 1016.303 1016.743 1017.936 1019.197 1020.288 1021.018 1021.63 1021.332 1021.128 1020.057 1018.222 1016.936 1016.47 1016.005 1015.54 1015.072 1012.761 1010.094 1008.696 1007.344 1005.991 1004.639 1003.287 1001.934 1000.582 999.8954 998.2719 996.5516 994.6317 992.7119 990.7007 988.5579 985.8701 983.1823 980.8685 978.869 977.7637 976.598 975.0351 973.4722 972.1012 970.7269 969.1688 967.6503 966.1146 964.6365 963.6033 963.032 962.4717 961.2368 959.9004 957.8107 955.2318 954.9191 954.7698 955.5032 955.7922 953.5682 951.74 950.4068 951.6592 953.6433 954.8253 954.7902 954.2484 952.8474 950.8223 949.1519 947.9395 947.2256 946.3156 944.6541 942.8713 940.2258 936.839 933.2172 929.6406 926.7778 923.2006 920.1148 919.6038 919.1654 919.2291 919.951 923.4552 930.8483 937.0858 943.5129 950.0667 952.6647 955.2626 957.8606 960.2418 961.6743 963.1068 963.1156 962.8312 961.7831 960.735 959.3908 957.861 956.3022 954.7435 953.2205 951.8159 950.6807 949.5903 950 951.3713 953.9223 956.265 958.4554 960.1778 963.1304 966.2095 969.2887 970.7272 
1014.401 1013.338 1014.122 1015.319 1016.579 1018.171 1019.065 1019.606 1019.703 1019.673 1018.909 1017.435 1015.602 1014.262 1013.797 1013.331 1012.676 1011.403 1009.331 1008.088 1006.865 1005.512 1004.16 1002.808 1001.455 1000.103 1000 998.6181 996.5305 994.4428 992.3552 990.2813 989.9022 987.2144 984.7173 982.7674 981.974 980.8284 979.5192 978.2529 976.9867 975.7204 974.3596 972.6793 971.2573 969.475 967.9969 966.8513 966.5043 965.6442 964.6427 963.5127 961.8668 959.17 957.793 957.2099 957.9396 958.6572 957.5933 955.9568 954.2058 954.9379 956.7274 958.349 958.2755 957.7661 955.7411 953.8737 952.7004 951.0665 950.9628 950.1221 948.4266 945.5289 943.004 940.2384 936.4134 932.7585 928.6663 925.3598 922.0533 920.3877 919.6447 918.8571 919.33 921.9344 930.8479 936.6348 942.7753 949.6221 952.4019 954.9536 957.2737 959.0787 960.6866 961.6008 961.4809 961.0411 960.3801 958.7006 956.6616 954.9919 953.8163 952.3689 950.8797 949.5142 948.3934 947.8635 948.9183 951.4222 953.8067 956.1912 958.5757 960 961.3189 964.9054 968.0051 970 
1011.829 1010.409 1011.501 1012.702 1014.927 1015.979 1017.439 1017.712 1018.277 1018.31 1017.438 1016.649 1014.815 1012.981 1011.588 1011.047 1010.28 1008.978 1008.276 1006.533 1006.212 1005.033 1003.681 1002.329 1000.977 1000 1000 998.6183 996.5601 994.6198 992.6795 990.7393 990 988.5661 986.861 986.046 985.403 984.7263 983.619 982.1608 980.6993 979.3397 977.9924 976.7755 975.6901 973.7402 971.7905 970.4314 969.8525 968.8165 968.3958 967.382 966.0704 963.3177 960.9262 959.8171 960.5779 961.681 961.3637 959.6914 958.1262 958.3604 960.1116 960.7032 960 960 958.6348 956.8362 954.4442 954.1774 954.0754 953.3788 950.9057 947.9106 944.9268 942.3318 939.2869 934.7732 929.989 926.6825 923.7539 922.3115 920.0353 919.0672 918.8661 919.8868 930.453 936.0429 942.0327 948.5689 951.9845 954.1446 955.9496 957.7546 959.6918 960.0395 960.2999 959.3602 957.8691 955.9683 953.9324 952.0533 950.8778 949.7686 948.6475 947.3474 946.1635 947.4098 949.8113 952.4039 955.0129 957.4028 959.7874 960 960.1325 963.1831 965.9452 968.9787 
1009.131 1009.029 1008.926 1011.027 1012.892 1014.399 1015.818 1016.16 1016.85 1016.903 1016.161 1015.221 1014.029 1012.195 1010.361 1008.477 1007.611 1006.533 1005.696 1005.791 1004.641 1004.336 1003.202 1001.85 1000.498 1000 999.8642 998.0449 995.9576 993.8704 991.7832 990 990 990 989.7094 989.4807 989.072 988.6241 987.5919 986.3381 984.8766 983.4151 982.1866 981.0616 979.9406 978.4221 976.8601 975.2982 974.4152 973.2072 972.6441 971.4493 970.2451 968.0966 965.8884 964.2523 964.3815 965.4263 964.8947 963.2392 962.3634 962.1512 962.6596 962.4424 960 960 960 957.8333 957.3901 957.2882 956.7762 955.0255 952.2263 949.4674 946.6379 943.7494 940.8608 936.689 931.8998 928.0051 925.6777 923.512 920.9838 919.4221 918.4152 919.6706 929.5801 935.4272 940.65 947.2941 951.3073 953.3924 955.4775 957.5626 958.0833 957.6452 957.8847 956.116 954.5485 953.017 951.1241 949.3931 948.3984 947.4848 946.6873 945.3893 945.0083 947.5185 950.0561 953.8051 956.0462 958.592 960 960.8998 962.1187 964.9246 967.5186 970.0992 
1006.005 1005.176 1005.123 1008.805 1011.313 1013.028 1013.924 1014.693 1015.424 1015.495 1014.884 1013.926 1013.009 1011.409 1009.469 1007.179 1005.082 1004.039 1003.159 1003.446 1002.992 1002.841 1002.46 1001.371 1000.019 1000 998.3075 996.9612 994.874 992.7867 990.6995 990 990 990.0291 991.2695 991.2676 991.3215 991.1223 990.691 990.1555 989.0643 987.8691 986.6885 985.425 983.7836 982.5703 981.4645 980.3588 979.0898 978.1048 977.0801 975.7762 974.4722 972.7901 970.8134 968.8051 968.7421 969.2756 969.0693 968.7308 967.3568 966.0731 965.2075 964.1816 961.2418 960 960 958.947 957.7013 956.4555 955.2097 953.9393 950.9482 948.2746 945.9797 943.4357 940.6644 937.3236 933.8033 929.3278 926.9887 924.4604 921.9321 919.7482 918.1874 919.7689 928.9139 934.1465 938.7756 946.2913 951.235 953.3483 955.4334 957.5186 956.174 955.2294 955.0356 953.3554 951.4895 949.8005 948.699 947.4067 946.1532 945.201 944.3371 943.7224 945.0636 947.3657 949.6412 954.228 958.5364 960 962.2958 964.2512 965.47 968.512 971.1755 973.4633 
1003.113 1001.335 1001.335 1005.647 1010.032 1011.584 1012.409 1013.227 1013.997 1014.088 1013.607 1012.649 1011.691 1010.622 1008.487 1006.197 1003.907 1001.875 1000.622 1000.817 1001.339 1001.145 1001.016 1000.583 999.9462 998.6156 996.7508 995.5534 993.7903 991.7031 990 990 990 991.0992 992.3397 992.7611 992.8957 992.8568 992.4456 991.91 991.5186 991.0095 990.3483 988.851 987.5375 986.2578 985.152 983.963 982.822 981.9714 980.936 980.0024 978.6994 977.2841 975.3056 973.0571 972.6418 972.7167 972.2766 971.8224 971.0714 969.9949 967.7555 965.9208 962.981 960.0413 959.6577 958.0863 956.515 954.9436 953.6432 952.3974 949.742 947.0833 944.474 942.3973 940.1754 936.6821 932.8247 929.4383 927.149 924.6643 922.0664 919.5983 918.574 920.9115 928.9601 933.7778 937.9233 944.1738 951.0024 953.2855 955.3893 955.9914 954.2647 952.8135 952.1866 950.5948 949.2482 948.0799 946.6249 945.2593 944.0299 942.9742 942.0436 943.8649 945.6855 947.6708 949.6901 952.8767 957.5367 960.1783 963.148 966.1177 968.8214 971.3832 974.0734 976.7636 
1000.416 997.825 998.8672 1002.802 1006.8 1010.137 1010.943 1011.76 1012.571 1012.681 1012.33 1011.372 1010.414 1009.712 1007.447 1005.182 1002.916 1000.634 997.9779 997.1271 997.9293 998.9325 998.6115 997.9224 997.4224 996.1148 995.1942 993.6841 992.7066 990.6194 990 990 990.929 992.1694 993.4099 994.2546 994.3504 994.5913 994.2002 993.6712 993.4357 992.9266 992.098 991.4438 990.7159 989.9781 988.667 987.3233 986.283 985.1459 983.963 983.0293 982.0956 980.9418 979.4179 977.1695 976.3548 975.2678 974.9853 974.0988 973.1465 971.7899 970.3971 967.6045 964.6535 961.5165 959.3525 957.6647 955.9769 954.2891 952.6012 950.9714 948.8948 946.1091 943.3235 940.8052 937.5913 933.8262 930.8286 928.3588 926.2609 923.9362 921.4906 919.4424 919.7284 922.2003 928.8384 933.4333 937.4397 941.6752 948.9847 952.4803 955.2726 954.0821 952.3554 950.6287 949.592 948.7129 947.6154 946.4707 945.0157 943.5609 942.1059 941.6858 943.5125 945.3376 947.1608 948.984 951.8136 955.6133 958.7509 960.8065 963.4886 966.377 969.2654 972.0536 974.8076 977.7767 
998.4153 995.5995 997.1279 999.9689 1003.499 1007.057 1008.962 1010.293 1011.111 1011.273 1011.053 1010.095 1010 1009.062 1007.118 1005.042 1002.962 1000.881 997.6186 993.6107 994.6211 996.152 995.0167 994.4357 994.3289 993.7203 992.9326 991.8147 991.6229 990 990 990.7586 991.9991 993.2396 994.48 995.7205 995.8051 996.3258 995.9548 995.6378 995.3528 994.8082 994.0649 993.5247 992.7967 992.0843 991.2507 990.4518 989.7556 988.3204 986.99 986.0563 984.607 983.2742 982.0002 980.7263 979.3491 977.9216 977.198 976.3273 974.9259 973.5615 971.4521 968.8719 965.1955 961.541 960 958.7211 957.0333 955.3454 953.6576 952.3167 951.2767 948.6392 945.4098 940.1514 935.7434 931.3641 929.2724 927.0392 925.1454 923.0834 920.7234 918.136 919.2048 922.8151 928.3142 933.1046 936.6519 940.1778 946.7195 950.5164 951.9808 951.4229 949.989 948.3558 947.827 946.9579 945.9827 944.8615 943.4066 941.9517 940.8365 942.6516 944.9775 946.8082 948.6315 950.8658 954.3499 958.3358 960 961.3861 963.8814 966.3766 969.1711 971.9637 975.7653 979.9841 
997.2067 994.407 996.1052 998.2521 1000.237 1003.795 1006.058 1007.677 1009.311 1009.683 1009.908 1009.563 1008.961 1008.12 1006.909 1005.195 1003.406 1001.344 998.5289 995.204 992.2674 993.0517 992.1202 991.124 991.1238 990.7797 990.2275 989.9264 990.3713 990 990.5883 991.8288 993.0693 994.3098 995.5502 996.7907 997.2597 997.8832 997.7093 997.6044 997.27 996.581 996.1833 995.6055 994.8932 994.1541 993.3237 992.6465 991.7482 990.8765 989.992 988.3306 986.8147 985.6042 984.3303 982.7662 981.4503 980.3234 979.4107 978.0911 976.7181 974.6049 972.333 970.0611 966.8864 963.894 961.2438 959.7775 958.0896 956.4018 955.1894 954.1495 953.1096 951.4438 947.4664 941.6057 936.5303 931.5232 928.038 925.7233 923.6303 921.7365 919.8042 917.5475 920.1614 924.1993 928.2372 932.4225 935.8641 939.3834 943.0744 947.2078 948.4371 948.6425 947.6384 946.0257 945.5916 945.1574 944.3239 943.2463 941.7974 940.5464 941.0235 943.4726 945.889 948.1677 950.1945 953.6666 957.1386 960 960.0341 963.5315 966.2393 968.3226 970.575 973.7538 977.9727 981.1753 
995.3832 993.2144 995.0825 996.5354 998.4078 1000.532 1003.154 1004.893 1005.98 1006.964 1008.014 1007.828 1007.787 1006.997 1006.144 1004.756 1003.042 1001.328 999.5364 996.7308 993.8608 990.9241 989.4188 987.3575 987.2941 986.773 986.0217 985.5669 989.0593 990.418 991.6585 992.899 994.1394 995.3799 996.6204 997.8608 998.7144 999.3379 999.6118 999.571 999.1871 998.7028 998.2845 997.6863 997.0286 996.2258 995.4471 994.5828 993.6094 992.7377 991.5801 990.302 989.1621 987.9342 986.2382 984.5654 983.3231 982.187 981.1358 979.8548 977.8068 975.7657 973.6925 971.5413 969.1167 966.3568 963.7065 961.0563 959.146 958.0622 957.0223 955.9824 954.9425 953.8301 950.4022 944.9468 938.8246 933.0902 928.3546 924.8828 922.1742 920.2214 917.9197 918.4904 921.4986 925.4329 929.4428 933.1813 935.489 937.7778 940.1226 943.352 944.9462 945.5931 945.1284 943.7902 943.3561 942.9219 942.4879 941.6135 940.2563 940.315 941.8445 944.2936 946.7426 949.0791 952.0184 955.4839 958.9559 960 961.5546 965.052 968.5493 971.5585 974.47 977.3087 980.1054 982.3759 
993.525 992.0219 993.4214 994.8186 996.691 998.5634 1000.428 1002.277 1003.563 1005.263 1006.12 1006.123 1006.295 1005.861 1005.033 1004.162 1002.603 1000.889 999.8171 997.0429 994.2708 991.4988 987.8777 984.1185 983.1274 982.4125 981.7261 981.3528 986.6165 990.6676 992.1566 993.6456 995.0073 996.2893 997.5713 998.8533 1000.101 1000.663 1000.908 1000.923 1000.7 1000.474 1000.255 999.8161 999.1639 998.2988 997.4315 996.4208 995.4706 994.4446 993.16 991.9258 991.0816 989.7103 987.9745 986.5126 984.9258 983.9762 982.6973 981.163 979.506 977.384 975.1876 972.9869 970.3427 967.6077 964.8956 962.2261 959.8741 958.8468 957.7816 956.3335 954.8854 953.4374 950.9953 945.7248 939.409 933.501 928.0369 924.5648 921.0927 918.7075 916.9765 919.3398 922.8119 926.4529 930.0615 932.4453 934.8292 937.1563 938.5085 939.7299 941.5324 942.3879 942.3877 941.5547 941.1206 940.6865 940.2524 939.7038 940.0249 940.2163 942.6654 945.1145 947.5636 949.9905 953.3733 956.7858 960 960.2293 962.4909 965.7527 969.0146 973.3365 976.1753 979.014 981.3246 983.5368 
991.5284 990.8293 991.5677 993.1018 994.9647 996.7792 998.4611 1000.162 1001.862 1003.444 1004.226 1004.418 1004.691 1004.481 1003.911 1003.058 1002.165 1000.45 998.8853 996.6534 994.4216 991.9183 988.577 983.9565 979.6501 978.8776 978.4968 979.6767 985.9819 990.5707 992.0597 993.5487 995.0377 996.5267 998.0157 999.4942 1000.577 1001.409 1002.101 1002.092 1001.919 1001.767 1001.643 1001.232 1000.742 1000.175 999.2696 998.259 997.309 996.0159 994.704 993.6078 992.5042 991.1382 989.7108 988.1307 986.7337 985.509 983.9746 982.4985 980.7339 978.6752 976.4745 973.7339 970.8271 968.0596 965.4535 962.6766 959.8423 957.8296 955.9666 954.5186 953.0704 951.5682 948.7853 942.5127 936.8121 931.5318 926.1567 921.7639 919.0851 917.2104 917.9235 920.2958 923.3796 926.5362 930.116 932.4937 934.4283 935.6116 936.3889 937.6624 938.4458 939.1688 938.9882 938.8869 938.1832 937.4758 936.7683 937.0633 938.0702 941.4044 944.1409 946.6261 949.1113 950.529 954.3339 958.1154 960.5206 962.4145 964.3091 966.2521 969.311 974.7446 977.8806 980.5142 982.5438 984.6489 
989.5881 988.2678 989.5145 991.335 993.1496 994.9642 996.6225 998.3952 1000.161 1001.55 1002.332 1002.713 1003.041 1002.944 1002.561 1001.947 1001.075 1000.012 997.8777 995.7457 993.6716 991.5974 988.8851 984.4773 980.6544 977.3881 975.9839 978.9526 983.9191 990.0891 991.5785 993.0679 994.5574 995.9685 997.4349 999.0312 1000.327 1001.446 1002.575 1003.293 1003.138 1003.195 1002.993 1002.509 1001.921 1001.323 1000.692 1000.061 998.8719 997.5599 996.2479 995.2363 993.8704 992.5045 991.1386 989.7334 988.3206 986.8546 985.4027 983.6563 981.8123 979.9622 977.1369 974.2679 971.3249 968.1079 965.1918 962.2757 960 957.9741 955.8499 953.7256 951.6014 949.1995 944.5471 940.141 934.4164 929.5452 924.8911 919.8434 917.8585 916.9693 918.9807 921.4408 924.3099 927.1791 929.6984 931.6924 932.7147 933.7369 934.2623 935.5407 935.6129 936.0615 935.3477 935.0204 934.5218 933.8328 933.9599 936.2527 939.1348 943.1054 947.1131 948.9194 950.3198 951.8073 954.8884 958.5768 961.7076 964.4343 966.4937 968.4109 970.6767 975.2912 979.5858 981.7334 983.763 985.7925 
987.9692 985.8442 987.2189 989.4182 991.3345 993.1358 994.8492 996.622 998.2885 999.5945 1000.562 1001.008 1001.391 1001.407 1001.13 1000.636 999.9586 998.67 997.3366 995.4444 993.4515 991.4457 989.1011 985.5562 981.7332 978.2774 974.2327 977.5012 981.4965 987.4985 990.9185 992.3212 993.7634 995.3597 996.8318 998.2145 999.6789 1000.842 1001.888 1003.183 1004.401 1004.623 1004.247 1003.658 1003.07 1002.471 1001.84 1001.123 1000.27 999.1038 997.8159 996.6025 995.2366 993.8707 992.5049 991.0689 989.7589 988.3069 986.5787 984.6559 982.6335 980.6111 977.9451 974.5056 971.066 967.8585 964.755 961.6926 960 958.9173 956.793 954.6688 952.8091 950.7267 947.0851 942.4561 936.1871 928.6861 923.7361 919.6 917.6223 916.8578 918.8272 921.1537 923.6959 925.848 928.0001 930 930.84 931.8623 932.1359 932.8126 932.8847 932.9542 932.2404 931.5266 931.742 934.0224 936.1252 938.4421 942.1902 946.9572 950.2733 951.6346 952.5027 953.8574 956.829 959.9103 962.3881 965.2542 967.8906 970.7343 974.4077 977.9954 980.845 982.9526 984.9822 987.0118 
986.853 984.7281 985.7629 987.5638 989.4176 991.3033 992.9786 994.6122 996.0604 997.3581 998.5099 999.0914 999.6393 999.7188 999.4216 998.902 998.1576 997.052 995.7624 994.4695 992.6853 990.7931 988.4513 985.3147 982.1781 978.6719 974.3258 974.86 977.9115 983.0518 990.0743 991.4844 992.8945 994.3047 995.6464 996.8561 998.4994 1000.091 1001.239 1002.469 1003.421 1004.149 1005.137 1004.808 1004.219 1003.62 1002.978 1002.126 1001.273 1000.421 999.3346 997.9688 996.6028 995.1288 993.6329 992.3511 991.0692 989.3903 987.3619 985.3589 983.356 981.353 978.8141 975.1597 971.5052 968.3828 965.4108 962.4517 960.5852 959.8604 957.7747 956.0894 954.1107 951.7621 948.5709 943.8765 938.9724 931.1199 925.129 919.8211 917.8278 916.3832 918.3027 920 920.9282 923.0803 924.3827 927.335 929.3124 929.934 930.0124 930.0845 930.1566 930.1353 930.3555 931.8181 934.8654 936.666 938.8074 941.9428 946.7104 950.5437 952.1537 953.68 954.6548 956.0455 958.7697 960 961.8286 965.6282 969.434 972.4406 975.367 978.5408 981.3441 983.8318 986.0058 988.1586 
985.7369 983.6119 984.4109 986.2119 988.0129 989.3757 990.9359 992.5264 993.817 995.0975 996.2862 996.8677 997.343 997.4148 997.2347 996.8448 996.0948 995.3227 994.1454 992.8535 991.5606 989.9113 987.6375 985.3635 982.6734 979.3582 975.0674 972.2925 975.8266 979.9341 986.4719 990.3674 991.7502 993.0783 994.1714 995.6766 997.3199 998.926 1000.422 1001.576 1002.372 1003.153 1004.143 1005.165 1005.368 1004.768 1003.981 1003.129 1002.219 1001.296 1000.427 999.2737 997.7016 996.1968 994.915 993.4595 991.9487 990.3835 988.3822 986.2393 984.1574 982.1544 980.1515 976.6219 973.1954 969.9224 966.976 964.127 962.6983 961.1278 959.3696 957.474 954.9542 952.4343 949.8386 945.2517 940.5173 932.3459 925.953 920.7051 918.1808 916.1265 917.4034 918.9691 919.698 919.9901 920.6953 924.0014 925.4661 925.4238 925.4065 925.7672 926.5704 928.4719 931.4288 935.1534 938.2268 939.7956 942.0898 946.0005 949.9111 952.0885 953.9426 955.5527 956.9353 958.2242 960 960.6548 962.5947 966.0344 969.6328 972.8299 976.0037 979.1776 981.8431 984.3309 986.8187 989.0075 
984.4044 982.5119 983.059 984.86 986.1235 987.5481 989.0098 990.2759 991.5565 992.837 994.0626 994.6325 995.0467 995.1047 995.0479 994.6582 994.0322 993.4781 992.4412 991.2375 989.9465 988.6981 987.0663 984.6862 982.3061 979.8734 975.7994 971.6394 974.0582 978.1656 982.6028 987.1808 990.5103 991.6309 992.8538 994.4927 996.0213 997.678 999.356 1000.543 1001.34 1002.157 1003.149 1004.171 1005.193 1005.798 1004.875 1003.952 1003.029 1002.106 1001.259 1000.19 998.7609 997.3145 995.8319 994.3427 992.7776 991.2124 989.517 987.3741 985.2312 983.0883 980.9529 978.1765 974.5044 971.4199 968.5745 966.2401 964.6345 962.8328 960.5742 956.9944 954.5291 951.904 948.6585 944.1298 939.337 932.177 926.7645 921.6251 918.728 916.8578 916.3095 917.5687 918.6769 919.0642 919.4661 920.6678 921.061 921.2832 923.0878 925.8234 928.2182 931.5626 936.0743 939.4351 941.3305 942.6447 944.0557 946.7136 950.4445 952.5816 954.7187 956.8557 958.9516 960.3779 961.982 963.3534 964.7847 968.2243 970 973.2441 976.6405 979.8143 982.3422 984.83 987.3178 989.822 
982.9509 981.4625 981.7071 983.1997 984.2587 985.7205 986.9995 987.8954 989.2534 990.5765 991.8389 992.3481 992.7504 992.7945 992.8301 992.4717 991.9694 991.5568 990.5967 989.8188 988.386 987.1376 985.8891 984.5092 982.1291 979.5704 975.4965 972.1078 972.4507 976.5644 980.839 985.0156 988.1116 990.1064 991.588 993.1166 994.7534 996.3137 997.7098 999.1585 1000.344 1001.161 1002.155 1003.177 1004.059 1004.865 1005.573 1004.762 1003.839 1002.924 1001.968 1000.818 999.6869 998.2043 996.7217 995.1716 993.6064 992.0413 990.4761 988.5089 986.366 984.2231 982.0801 978.6911 975.7014 972.9325 970.1636 968.002 965.7062 963.4104 961.1146 957.5127 952.6782 950.0914 946.2504 941.7879 936.9825 931.3181 926.2647 921.7193 918.9401 917.1212 915.738 916.5616 917.4275 918.3457 919.3903 921.0101 923.4635 924.5788 926.5558 929.0964 933.5455 937.8204 940.6141 942.2846 943.9736 945.4606 946.879 948.3717 950.8473 953.5704 956.0171 958.1191 960.2244 962.3582 963.9617 965.8194 967.4014 970 971.1392 973.8449 976.788 980.3536 982.8817 985.5423 988.203 991.1182 
982.1174 980.4131 980.2759 981.1893 982.4182 983.6859 984.9514 985.5063 986.8563 988.2142 989.4808 990.0638 990.4487 990.4844 990.52 990.2851 989.9269 989.5863 989.4863 989.0594 988.3099 986.5695 984.8291 983.0887 981.8317 979.2675 975.8851 972.8481 970.8576 975.046 979.3566 982.8376 985.286 987.8185 990.2119 991.7416 993.0962 994.4852 996.0403 997.5293 998.9011 1000.165 1001.083 1001.948 1002.879 1003.63 1004.338 1005.046 1004.65 1003.746 1002.559 1001.375 1000.385 999.0941 997.5656 996.0004 994.4352 992.8701 991.3049 989.6437 987.5008 985.3579 982.4233 979.765 976.969 974.0684 971.4442 968.6557 965.3807 963.197 961.0133 957.1141 952.0056 948.705 944.2023 939.7783 935.1938 931.2868 927.4637 923.0178 919.279 917.3032 915.4447 916.2683 917.8008 918.9545 919.8676 922.6617 925.7818 927.8745 930.1785 933.7043 940.2592 941.566 942.8729 944.5068 946.4526 948.2448 949.7023 950.3691 950.8303 953.6235 956.4814 959.2589 961.6438 963.7776 965.9114 967.675 969.6568 971.7036 974.0865 976.4695 978.8525 981.0601 983.6473 986.2048 988.8538 991.9998 
981.0015 979.5632 978.6135 979.2981 980.3723 981.6401 982.7699 983.3248 984.4592 985.8171 986.4614 987.0649 988.1898 988.2244 988.4423 988.6079 988.326 987.8994 987.7535 988.3 987.8732 986.584 984.8436 983.1031 981.3627 978.9681 975.8681 973.2012 970.5344 973.0626 976.808 980.7967 983.3463 985.8959 988.2111 989.8528 991.2832 992.9711 994.5588 995.8461 997.2235 998.5186 999.7664 1000.767 1001.687 1002.395 1003.103 1003.812 1004.52 1004.3 1002.999 1001.968 1000.979 999.8729 998.3784 996.8293 995.2641 993.699 992.1338 990.5686 988.6356 986.0307 983.4269 980.6931 977.7178 975.124 972.7502 970.3763 967.1115 963.6788 960.2462 955.5474 951.0235 949.1633 944.5839 940.2278 936.9454 933.2875 928.9493 923.8801 919.5228 917.5213 915.4914 916.9236 918.6922 919.9556 922.3521 924.9324 927.9347 930.8276 934.6765 938.7537 941.7484 943.8248 945.1317 946.6435 948.765 950.3864 951.168 951.2413 951.7024 952.3774 955.8192 959.2588 961.8243 964.3128 966.8012 969.246 971.1907 972.7881 975.1711 977.5541 979.937 981.9907 984.3044 986.9935 989.5843 992.2586 
980.7412 979.2479 977.4968 977.561 978.6012 979.6608 980.5883 981.1432 982.0621 982.8566 983.442 985.0681 985.9431 985.9778 986.8579 986.9894 986.7252 986.264 985.875 986.3998 987.0817 986.5984 984.858 983.1176 981.1907 978.4656 974.8146 971.252 970 970 973.8411 978.3821 981.6121 984.1617 985.9532 987.658 989.8713 991.5883 992.8389 994.1685 995.4642 996.7621 998.0875 999.413 1000.452 1001.233 1002.045 1002.71 1003.382 1003.951 1003.54 1002.345 1001.154 1000.164 998.7521 997.2575 995.7629 994.2684 992.7737 991.2792 989.6127 986.8038 984.0263 981.2488 978.6669 976.2447 973.8225 971.513 968.7686 965.2013 961.3333 956.8772 953.4342 949.9908 946.3741 942.7825 939.0664 934.1597 929.2466 924.2984 919.7435 917.4417 915.3171 916.9653 919.2614 921.9189 924.748 927.577 930.324 933.2253 935.8771 939.6574 942.3369 944.8619 947.2122 948.7802 950.5501 951.8259 952.981 953.3318 952.985 953.0356 954.5731 957.9296 960.802 963.7165 966.8083 969.9003 972.4004 974.2115 976.2556 978.6385 980.8765 982.9212 984.9659 987.6243 990.1531 992.1483 
981.2006 979.3428 977.4015 975.8316 976.8937 977.906 978.4855 979.013 979.4637 979.8687 981.4451 983.081 983.6965 984.5153 985.182 985.333 985.1244 984.6917 984.188 984.3643 985.0461 985.728 984.8725 982.9618 980.9004 978.2443 974.8138 971.3834 967.678 967.2948 970.8742 975.3893 979.7892 982.0524 983.6654 985.8466 988.0153 989.8168 991.1189 992.4323 993.7577 995.1304 996.513 997.8956 999.2844 1000.255 1000.849 1001.547 1002.177 1002.791 1003.23 1002.444 1001.402 1000.411 999.1259 997.5662 995.9685 994.3708 992.9564 991.6116 990.2667 987.6713 984.7665 981.8616 979.1877 976.9951 974.7779 972.4504 969.9808 966.038 962.0952 959.7347 956.5302 952.7418 948.8788 945.0022 941.1256 935.8426 929.4783 924.9521 920.255 917.364 915.0865 917.3149 920.0927 922.5117 925.1496 927.7875 930.5098 933.6718 936.8337 939.525 943.1048 945.6299 948.155 950 951.8321 953.1141 954.3962 955.5757 955.4955 955.1488 954.8021 956.413 959.4446 963.3093 967.3608 970.517 972.9974 975.4778 977.3401 979.7231 981.8071 983.8518 985.8965 988.255 990.4614 991.7755 
981.522 979.8948 977.9011 975.6942 975.1638 975.9537 976.4117 976.9392 977.2349 978.1298 979.5346 981.0939 981.9478 983.046 983.4833 983.6765 983.5236 983.1193 982.5952 982.3287 983.0106 983.6924 984.022 982.2272 980.1896 977.7964 975.3636 971.9332 968.3016 964.5032 967.8391 971.1094 975.537 979.4542 981.7443 983.8469 985.683 987.4233 989.2589 990.9267 992.3093 993.6918 995.0743 996.4575 997.7798 998.6151 999.5819 1000.402 1001.041 1001.697 1002.1 1002.211 1001.38 1000.372 999.0411 997.4434 996.0922 994.7473 993.4025 992.0576 990.7128 988.6347 985.7299 983.0314 980.348 978.023 975.4027 972.7824 970.1622 966.5697 964.3179 961.9366 958.4752 954.3481 949.8477 945.9307 941.7775 934.7015 928.5996 925.3017 920.9424 917.7719 914.834 918.0464 921.0288 923.8148 926.0798 928.3448 930.5375 933.2253 935.9133 938.6011 941.929 945.9988 949.7089 950 951.7925 954.0195 955.568 956.9602 958.006 957.6593 958.7379 960.0064 960.8669 962.3519 966.3225 970.4006 973.1869 975.9731 978.5552 980.6929 982.7377 984.7823 986.827 988.8857 990.7696 992.0837 
981.9669 980.36 978.4531 976.0405 974.0629 973.9732 974.3379 974.688 975.0189 976.4236 977.8284 979.1711 980.5883 981.3885 981.7845 982.0201 981.8785 981.5471 981.0228 980.4987 980.9741 981.6537 981.5888 980.3366 978.7296 976.499 974.3575 972.1649 968.9303 965.1475 964.4518 967.7261 970.6346 974.9397 979.329 981.5492 983.2895 984.9406 986.9199 989.1677 990.8706 992.2532 993.6357 995.0226 996.0663 996.9694 997.9601 999.0151 999.9261 1000.603 1000.97 1001.008 1000.869 1000.061 999.1707 997.826 996.4813 995.1366 993.7919 992.4472 991.1025 989.4944 986.6874 983.8804 981.2012 978.7293 976.0341 973.3388 969.972 967.1542 964.4213 961.5546 957.8441 953.1337 948.8972 945.0996 941.2239 933.2077 927.8517 924.5053 921.1589 917.7723 914.9946 918.222 921.8079 924.7738 927.3911 929.6561 930.1262 932.8062 935.4861 938.1661 941.2725 945.2857 949.0287 950 951.3688 953.7283 956.0877 957.7532 959.3016 960 960.6132 962.7891 963.6497 964.8008 966.9914 970.0652 973.198 976.2791 979.0074 981.2601 983.2408 985.327 987.4133 989.4995 991.0142 992.3484 
982.4117 980.8049 978.8942 976.899 975.014 973.3746 972.2349 972.4293 973.3126 974.5109 975.7369 977.3527 978.9265 979.6068 980.0857 980.357 980.2221 979.9563 979.0504 978.1445 978.6809 979.527 979.2917 978.5262 977.4865 976.1108 973.884 971.6003 968.8417 964.9714 962.501 965.4385 968.4 969.6087 972.9507 977.6971 980.8256 982.3684 984.5809 986.8287 989.0765 990.8145 992.1971 993.4227 994.3569 995.3906 996.5328 997.4963 998.4073 999.3184 999.7549 999.8913 999.8358 999.6273 999.251 998.0482 996.7 995.3551 994.0104 992.6657 991.321 989.9506 987.1436 984.3365 982.0237 979.7048 977.0096 973.4312 968.9476 965.63 963.0895 960.549 956.0118 950.3771 946.7962 943.3295 939.2449 933.0724 928.3041 925.2852 922.2662 919.0688 914.6976 918.2659 921.9381 925.1981 928.4581 930.5201 932.2499 934.2754 936.3903 938.5051 940.8179 944.8783 948.9386 950 950.9451 953.3046 955.664 958.0235 959.9385 960 961.1727 964.3004 966.4323 967.424 969.2658 971.3842 974.1125 976.8409 979.5694 981.6679 983.6484 985.629 987.6095 989.6563 991.1144 992.3397 
983.2646 981.7083 979.9816 978.1105 976.4851 974.9653 973.6881 972.4765 971.1014 972.3027 973.8735 975.4253 976.8398 977.1843 977.518 977.8417 977.5998 977.1622 976.333 975.561 976.1555 977.1788 977.3109 977.2377 976.0337 974.7202 973.464 971.2753 968.3246 964.4823 961.7184 963.8455 966.4801 967.6888 969.4359 973.0793 976.4339 979.9976 982.242 984.4897 986.7375 988.9853 990.6998 991.7828 992.8233 994.0261 995.0299 995.9775 996.8885 997.7142 998.1409 998.366 998.5331 999.0472 998.8504 998.2743 996.9261 995.5779 994.2297 992.8842 991.5396 990.1948 987.5997 985.119 982.8463 980.5737 976.903 971.9435 967.9232 964.5082 961.5652 958.1243 953.2382 950 948.5286 944.3625 940.4771 935.7548 929.8414 926.8097 923.639 919.7462 915.0449 918.4367 922.0683 925.6568 929.6314 932.4423 934.4311 936.3489 938.4638 940.629 942.9069 945.8255 949.8858 950 950.5214 952.8787 954.8354 956.7922 958.8749 960 961.7324 964.86 967.7864 969.9899 972.2282 972.7674 974.6745 977.4029 980.0953 982.0758 984.0563 986.0369 987.9976 989.5723 990.8867 991.9655 
984.582 982.856 981.12 979.5635 978.1006 976.6816 975.55 974.1686 972.5014 970.7717 971.9241 973.476 974.5016 974.6875 974.9041 975.0744 974.8279 974.2721 973.6157 973.0881 973.6302 974.8306 975.33 975.2679 974.9096 973.5411 972.1727 970.8172 967.8531 965.0892 962.3253 962.2525 964.5602 966.0814 967.5878 969.7592 973.3594 976.6432 979.6391 981.9086 984.1144 986.2242 988.256 990.256 991.5181 992.5231 993.527 994.4587 995.3745 996.0135 996.8039 996.8408 997.2723 997.7831 998.3033 998.0735 997.1522 995.804 994.4558 993.1075 991.7593 990.4133 988.2141 985.9322 983.608 981.2839 976.8178 970.4559 966.8989 963.4838 960.1089 957.6381 955.1691 953.0414 950.8551 947.4535 943.6114 938.7168 932.7962 928.0574 924.2186 920.3798 915.4563 918.1647 922.7773 926.9968 931.0405 933.6743 936.3662 938.4224 940.584 942.8826 945.1813 946.7728 950 950 951.344 952.3625 952.9337 954.5911 956.6903 959.7866 962.2919 965.4196 968.5472 972.2145 974.6232 975.113 975.6028 977.9648 980.5032 982.4837 984.4642 986.1177 987.6925 989.2673 990.4548 990.8941 
985.7291 984.2014 982.7031 981.2064 979.7162 978.5448 977.4119 975.8547 974.5292 972.8812 970.7153 971.5266 972.1634 972.126 972.2965 972.3071 971.9672 971.382 970.7968 970.6152 971.2128 972.4825 973.3491 973.298 973.3172 972.4171 971.0486 970 967.9322 965.696 962.9321 960.6595 962.727 964.0037 965.3149 967.759 970.1686 973.5759 976.257 978.8951 981.4588 983.7107 985.9625 988.1732 990.0164 991.0203 992.0241 992.9422 993.8631 994.4867 995.371 995.4504 996.0115 996.5191 997.0393 997.5595 997.2966 996.0301 994.6819 993.3337 991.9855 990.6082 988.6479 986.4334 984.1592 981.8851 979.1917 973.6098 968.8801 966.0381 963.6114 961.1847 958.4439 954.724 951.0042 950 945.824 941.0002 934.4001 928.2089 924.4668 921.0684 916.5375 918.2036 922.8078 926.9631 931.1115 935.2504 937.9397 940.4134 942.8377 945.1364 947.435 949.0693 950.4286 951.7095 952.712 954.6606 955.235 955.8062 956.999 959.4573 962.6442 965.5149 968.36 970.2682 973.5264 975.8344 977.9484 978.5267 980.9111 982.663 984.2378 985.6891 987.1383 988.5875 990 990 
987.3513 985.8529 984.3561 982.7386 981.5369 980.4111 979.2337 977.8824 976.557 974.9908 972.825 970.6591 970 969.2941 969.5704 969.3213 968.8216 968.0743 967.3665 967.5082 968.6258 970.1343 971.3682 971.3281 971.3473 971.293 970 969.2673 967.4778 965.1985 962.9191 960.6397 960.4197 961.3155 963.2628 965.5173 967.9394 970.0576 972.5823 975.107 978.5318 981.4583 983.7031 985.7603 987.4971 989.1873 990.5101 991.4308 992.2721 993.1497 993.8458 994.2008 994.7507 995.2551 995.7753 996.2955 996.8157 996.2562 994.908 993.5598 992.1948 990.6083 988.648 986.4553 984.2625 982.0697 979.6204 975.1647 970.3533 967.4693 964.7756 962.0572 958.9895 954.8793 951.1532 950 946.3809 940.6772 933.4951 928.5126 925.1995 921.8864 920 920 922.645 926.8403 931.2728 935.4366 939.6003 942.149 944.4625 946.9125 949.4445 951.7678 953.4395 954.5294 955.3345 956.1396 957.5364 958.1972 960.227 961.2061 962.9677 965.2097 968.0547 970 972.0202 974.5185 976.9368 979.0405 980.7975 982.2636 983.7298 985.196 986.6621 988.1283 989.5654 989.9846 
988.9658 987.3349 985.7041 984.5398 983.4139 982.2361 981.0181 979.9102 978.5848 977.1005 974.9346 972.4728 970 968.1299 966.0129 965.5615 965.1884 964.3839 963.9379 964.4418 965.7837 967.3205 968.7111 968.9356 968.9675 968.9994 968.4301 967.2508 966.4583 965.1654 963.4258 961.1465 960 958.7684 961.0103 963.3369 965.309 967.2026 969.0958 971.3188 974.3647 978.5307 981.3284 983.2762 984.9665 986.5472 987.9944 989.8389 990.8326 991.8127 992.3662 992.9512 993.4899 993.991 994.5112 995.0314 995.5516 996.0719 995.1342 993.7813 992.1948 990.6084 988.6482 986.4554 984.4771 982.5394 980.6017 976.9731 971.1326 967.8287 965.1185 962.4044 959.3157 954.1962 950.785 947.669 944.8116 939.1755 933.9514 928.751 925.5446 922.4655 920 920 922.3156 926.507 930.9103 936.3734 940.8369 943.4072 945.9775 948.4651 951.0192 953.7682 956.425 957.3493 958.1544 958.9595 959.7614 961.2 962.4764 963.4786 964.462 966.8948 968.9856 970.4766 972.5542 974.658 976.7617 978.8654 980.6755 982.1416 983.6078 985.0739 986.617 988.2552 988.9783 988.5959 
990.335 988.6696 987.5427 986.4168 985.1374 983.8089 982.6887 981.5967 980.5046 979.21 976.7676 974.6092 972.4354 970.2408 968.3473 966.4694 964.8193 963.6791 962.2586 961.449 962.7916 964.0616 965.3318 965.6455 965.7006 965.7325 966.3316 965.0977 964.9422 963.6493 962.3564 961.0634 959.3036 955.983 958.4725 960.5745 962.4686 964.3621 966.2552 968.1484 970.0533 973.4714 977.4414 980.696 982.1586 983.6212 984.9677 986.838 988.9257 990.4758 991.1166 991.7015 992.2291 992.7289 993.2472 993.7674 994.2876 994.8079 995.3281 993.6804 991.9847 990.2891 988.6707 987.0683 985.1364 983.1987 981.2609 977.3911 970.6418 968.0958 964.6041 962.0163 960 954.9803 950 947.3384 942.8489 939.1183 934.7332 929.9199 926.783 923.6462 920.0394 920 921.7828 926.1713 930.4728 935.8356 940.4792 943.0496 945.6756 948.3481 951.0682 953.0833 954.6288 956.6109 958.6485 959.4894 960.959 963.7161 964.7183 965.7204 966.7226 967.7178 970 970.5702 972.5402 974.5103 976.5866 978.6904 980.5535 982.0196 983.5104 985.1487 986.7869 987.9719 987.7495 987.1143 
991.8931 990.6179 989.4083 988.0388 986.6691 985.4671 984.3594 983.2673 982.1753 981.0477 979.7903 977.6298 975.3099 972.8911 971.1734 969.9654 968.0875 966.8282 964.8323 962.7991 961.4171 960.6824 961.9525 962.2717 962.4337 962.6531 963.4195 962.9445 963.4261 962.1332 960.8403 960 958.4001 954.8064 955.291 957.435 959.579 961.3983 963.0139 964.736 966.7386 968.7645 971.907 976.2638 978.7141 980.5947 981.9409 983.9904 986.017 987.9418 989.6284 990.452 990.9683 991.4681 991.9832 992.5034 993.0236 993.4356 993.6696 992.4662 990.9302 989.5641 988.2295 986.5376 984.8457 983.2224 981.6199 978.8856 973.6392 969.3215 965.7018 962.0896 960.0423 958.7122 953.3023 950.7053 948.3282 943.6993 938.9418 933.2038 928.4548 924.7728 920.9895 920 920.9758 925.4814 929.9562 934.9833 939.5663 942.1898 944.6741 946.4562 948.7408 950.9011 951.8649 953.9024 955.9853 958.8798 962.2236 964.5254 965.5511 966.577 967.6027 968.6285 970 970.6638 972.6339 974.6039 976.5739 978.5439 980.4314 982.0421 983.6804 985.3186 986.9568 986.9031 986.2679 985.6327 
993.9904 992.4474 990.9797 989.5704 988.278 987.1254 986.03 984.9351 983.8315 982.6727 981.5123 980.2163 977.9492 975.5305 973.3988 972.2034 971.0081 969.3891 967.3948 965.2428 963.8608 962.4787 960.4263 959.3186 959.4227 959.5916 960.3527 960.7914 961.4263 960.6171 960 960 957.887 954.5088 953.9882 956.1547 958.1581 958.8718 959.7122 961.4289 963.3552 964.9642 967.3253 970.8726 973.8862 976.2765 978.4158 980.6542 982.579 984.5033 986.1375 987.6724 989.1407 990.2073 990.7191 991.1372 991.5385 991.8632 991.9788 991.0905 989.6794 988.5741 987.4688 986.3635 985.0997 983.4078 981.7159 980.024 974.9608 971.1575 967.6288 965.8573 965.5752 960.8545 955.6281 953.3059 949.7377 944.5355 937.7452 932.9459 928.9998 925.7229 921.9396 920 920.4025 924.939 928.9143 933.589 937.2457 940.2263 941.7547 943.7463 945.2175 946.5504 948.3237 951.4542 954.5024 957.5505 960.7209 962.4409 963.5841 964.6099 965.6357 967.2655 969.3285 970.7574 972.7274 974.6536 976.3381 978.3143 980.3331 982.212 983.8503 985.4885 986.0566 985.4214 984.7863 984.1511 
995.5338 994.0036 992.5762 991.1605 989.9362 988.7927 987.6943 986.5908 985.4581 984.2864 983.0822 981.7675 980.3459 978.1698 975.751 974.4289 973.1893 971.5695 969.5772 967.6865 965.6343 963.1332 960.7628 958.9621 957.0587 956.5599 957.0132 957.4851 958.6577 959.1441 958.5364 956.9334 957.1918 954.3436 952.9008 955.0673 956.3418 957.0654 957.9965 958.9941 959.7399 961.0298 963.235 967.1115 969.5478 971.7838 974.1289 976.5289 978.9288 981.0125 982.4967 983.9684 985.5013 987.2223 988.4733 989.2794 989.9569 990.2815 990.288 989.6324 988.8821 987.6304 986.4788 985.3735 984.2682 983.1629 981.9698 980.278 976.3235 972.9547 969.6917 968.1354 964.3936 961.1111 957.3076 953.2636 948.8679 941.4214 936.576 931.9908 928.4171 925.6194 922.8217 920 920 923.9666 927.6157 931.1759 934.6812 936.5626 938.4646 938.8174 939.9559 941.3904 943.0997 946.3052 949.5355 953.5109 957.5271 960.3316 961.6171 962.6428 964.2758 966.3387 968.3025 970.2736 971.9581 973.8063 975.9987 978.1911 980.2521 981.9052 983.992 985.2102 984.575 983.9398 983.3046 982.6694 
997.0771 995.6 994.1954 992.8535 991.6563 990.4893 989.3501 988.2434 987.0605 985.8562 984.652 983.3188 981.8972 980.4756 978.3904 976.6544 975.2505 973.3726 971.3262 969.2342 967.0019 964.7696 962.6155 961.1665 959.6535 957.4028 955.3116 953.5466 954.6679 955.252 954.0491 954.3074 954.5658 954.1783 951.8134 953.9798 954.5254 955.2589 956.2751 957.2079 957.9724 958.6953 960.3913 964.9606 966.7552 968.4448 969.8671 972.2133 974.7381 977.5347 978.7868 980.7426 982.4635 984.1844 985.4682 986.6928 987.4834 987.9667 988.5089 988.3718 989.0468 987.9474 986.6956 985.4438 984.192 982.9402 981.6884 980.4366 977.3953 973.5016 969.6954 965.8173 961.9391 960 955.6065 948.9929 943.9011 940 936.6938 931.0358 927.8343 925.065 922.4479 920 920 921.5876 925.1332 928.6517 930.9617 932.8561 935.2531 934.5561 934.5455 936.0629 939.4307 943.4783 946.8609 950.1161 954.1324 956.9296 959.2059 961.2001 963.1046 965.2002 967.6718 970 971.5524 973.7276 975.9028 978.0779 980.1711 981.4304 983.0147 983.6915 983.0759 982.4582 981.823 981.1878 
998.6239 997.2303 995.8599 994.5761 993.4263 992.2751 991.0848 989.8345 988.6302 987.426 986.2217 984.87 983.4484 982.0268 980.6052 978.8798 977.0553 974.9723 972.8876 970.8987 968.7763 966.544 964.6284 963.1794 961.6396 960.3984 958.58 956.3557 953.6044 951.743 951.4231 951.6815 951.9398 952.1982 950.726 952.1793 952.709 953.5358 954.489 955.4217 956.205 956.9278 959.119 962.228 964.2144 965.78 966.3947 968.2954 971.991 974.1288 975.1097 976.251 979.062 981.1466 982.4631 984.4489 985.0099 986.2633 986.7118 987.1112 987.783 988.2645 987.0128 985.7609 984.5092 983.2573 982.0055 980.7158 977.9497 973.7996 971.4929 968.5253 964.121 961.2036 955.8476 949.3117 946.3641 942.6572 937.5345 931.4141 927.9969 925.3683 922.7397 920.0945 918.4061 918.6512 921.5092 924.6674 926.8389 929.1534 931.9278 931.1934 933.2246 936.3457 939.5639 941.7216 944.1605 947.3611 950.7377 953.5269 956.6105 959.694 962.1105 964.5821 967.0537 969.5375 971.8262 974.0646 976.3031 978.5415 979.2999 979.945 981.055 981.4313 981.5275 980.9097 980.2921 979.583 
1000.266 998.8949 997.5245 996.3247 995.238 994.0609 992.804 991.5065 990.2145 988.9957 987.7915 986.4213 984.9996 983.5781 982.2216 980.6559 978.618 976.5082 974.4685 972.4796 970.4907 968.3185 966.6413 965.0139 963.5795 962.3383 961.0972 959.7573 957.3178 955.2214 952.9384 951.2778 950.4644 950.2433 950.0223 950.3629 950.8927 951.77 952.7027 953.6355 954.4376 955.7543 958.0421 959.7074 961.662 962.3693 962.9222 965.8088 969.3284 970.7047 971.4326 971.8385 974.1001 976.9891 980.1859 982.0532 983.1263 984.6544 984.9146 985.8506 986.5192 987.1799 987.3298 986.0781 984.8262 983.5744 982.3226 980.8864 977.9962 975.3586 973.2346 970.7365 967.3622 963.6342 959.8397 954.3544 948.9198 943.7338 938.2683 932.3086 928.3926 925.7639 923.1055 920.4471 915.9102 915.436 918.0075 920.8651 924.1365 926.7248 930.6292 934.4662 937.8665 940.6248 942.5835 944.5422 946.1929 948.6318 951.2837 954.303 957.7212 960.6253 962.5014 964.8037 967.481 970.0356 972.3501 974.5886 976.827 977.8668 978.5118 978.7336 979.0598 979.3533 979.6469 979.1821 978.3912 977.6003 
1001.932 1000.56 999.2231 998.1365 997.037 995.8022 994.4824 993.1905 991.8986 990.6067 989.3613 987.9725 986.6944 985.4689 984.0671 982.1181 980.1832 978.0384 976.0495 974.0606 972.0717 970.1281 968.4377 966.7839 965.5195 964.2783 962.7891 961.3618 960.4696 958.3813 955.8316 954.1118 952.451 950.7904 948.7139 947.8727 948.055 949.9547 950.9165 951.8493 952.6702 954.6774 955.9754 957.6339 959.1367 960 960 963.4008 965.8539 967.4 967.5944 968.0294 970.1135 973.5568 976.7617 979.9796 981.5175 983.0455 983.4978 984.59 985.2554 985.9161 986.5768 986.3951 985.1433 983.8915 982.6025 980.9055 978.8599 976.3684 973.85 971.3315 968.243 964.441 960.5064 955.7185 950.9808 945.5615 938.2053 932.88 928.8188 926.2713 923.7238 921.0974 917.501 913.1068 915.9731 919.146 922.8292 927.1891 931.575 936.0078 939.9974 941.6658 944.4438 947.2219 949.2652 950.5502 953.5778 956.6441 959.6304 961.6732 963.5493 965.4254 967.3766 970.0582 972.8469 975.1125 976.4336 976.6766 976.6432 976.8002 977.304 977.5902 977.8837 977.255 976.4085 975.6176 
1003.599 1002.129 1000.934 999.9482 998.8005 997.4772 996.1664 994.8745 993.5826 992.282 991.0636 989.9456 988.6988 987.407 985.5293 983.6605 981.7427 979.9825 978.1832 976.3839 974.5846 972.6066 970.291 968.7006 967.1395 965.4664 963.7782 962.8418 962.3153 960.9249 958.9915 956.9457 955.2793 953.1251 951.1674 949.0788 945.1949 944.9795 947.5776 950.0631 951.277 952.4089 953.9001 955.4037 956.8304 958.1215 959.4127 960.987 962.6085 964.0358 963.6533 964.4545 966.9922 970.3729 974.0367 976.8627 979.8229 981.4366 982.2372 983.3294 983.9916 984.6523 985.313 985.9737 985.4604 984.2086 982.6385 980.7717 978.6165 976.2742 973.932 971.604 968.5374 963.7665 959.3381 955.2776 951.4809 945.1356 938.3606 935.2004 930.9453 927.9996 925.2043 921.778 918.1533 914.5286 915.0406 918.8848 923.2068 927.6049 931.7603 935.7327 939.8592 942.2197 944.9457 947.6342 950 952.0095 954.6002 957.5322 960.3994 962.3403 964.2813 966.2222 968.027 969.7919 972.6109 974.6195 974.5862 974.5529 974.5195 975.0685 975.6685 975.827 976.0397 975.3837 974.4854 973.6349 
1005.031 1003.551 1002.57 1001.469 1000.368 999.1522 997.8504 996.5144 995.1359 994.0255 992.913 991.7147 990.5662 988.9414 987.1042 985.5266 983.8175 982.2688 980.718 979.0336 977.2344 975.0851 972.5237 969.8168 968.1416 966.4526 965.2505 964.3848 964.161 962.8212 961.2911 959.6337 957.4568 955.3959 953.4382 951.4805 949.1201 945.5109 942.2393 944.8851 947.7115 950.1231 951.6268 953.1304 954.524 955.8152 957.2095 958.386 959.618 960.3542 959.9442 960.9974 964.2527 967.4686 970.918 973.746 976.7062 979.6664 980.9766 982.0671 982.7278 983.3885 984.0493 984.7099 985.3706 984.3466 982.4612 980.5754 978.4 976.1227 973.8453 971.568 968.7632 964.2858 959.7778 954.5839 950 947.3293 942.5394 938.3325 934.0105 929.2833 925.8849 922.4586 918.9158 915.077 914.7645 918.7382 922.8977 927.1764 931.3694 935.0358 937.5468 940.9666 943.887 946.8075 950.446 953.4687 956.0112 958.6791 960.8693 962.4595 964.0497 965.64 967.2302 968.9713 970.996 972.3411 972.4625 972.4291 972.6315 973.3572 974.033 974.0639 974.1146 973.5123 972.614 971.7157 
1006.307 1005.187 1003.977 1002.688 1001.664 1000.646 999.351 998.0973 996.9869 995.8755 994.6374 993.4378 991.976 990.4979 989.2433 987.6414 986.1035 984.5527 983.0018 981.4509 979.8792 977.1492 974.4263 971.7035 969.1271 967.6592 966.7935 966.1917 966.0067 964.7175 963.1801 961.4442 959.6343 957.6927 955.7786 953.8494 951.8405 949.6973 945.6274 941.5997 942.7628 945.2292 948.5291 950.8571 952.2178 953.7808 955.1 956.0754 957.3074 957.5848 957.0861 958.0503 959.6525 961.6271 965.2263 970.5356 973.2328 975.808 979.1241 980.8033 981.4641 982.1248 982.7722 983.4005 984.1277 983.4846 981.8438 979.9714 977.7338 975.7733 973.8127 971.8521 969.7586 965.394 961.6797 958.32 953.9945 950.7396 946.0306 941.9672 936.8057 929.672 926.3683 923.0646 919.6782 915.753 913.9366 918.2379 922.1838 926.2415 929.228 931.1593 934.3556 938.0223 941.3453 945.6923 949.9286 953.4067 956.5159 959.6252 961.3775 962.9438 964.5101 965.9346 967.2631 968.4076 969.1069 970.0379 970.182 970.3054 970.8577 971.6459 972.3976 972.3007 972.1896 971.641 970.7427 969.7369 
1007.803 1006.484 1005.056 1003.985 1003.04 1001.891 1000.794 999.9484 998.838 997.5778 996.3094 994.8406 993.6222 992.4412 991.2013 989.9316 988.3874 986.8264 985.2628 983.6992 981.906 979.6005 976.8776 973.8642 970.2415 969.2022 968.3364 968.0374 967.8524 966.6137 964.9163 963.5258 962.0483 960.0881 958.1719 956.1795 954.1565 952.1227 949.1185 945.4048 942.3899 940.3474 943.3572 946.0999 950.3521 951.8751 952.7701 953.7647 954.4979 954.6204 954.2502 955.3792 956.9814 957.9355 960.562 966.0501 969.1764 971.868 975.211 978.2275 980.1171 980.7453 981.3736 982.1685 982.95 982.3788 980.8726 979.238 977.5879 975.9378 974.2585 972.2979 970.3373 966.7459 964.1258 961.5057 958.3367 952.9329 947.5817 942.764 936.7596 929.5098 926.6711 923.8323 920.7505 916.8344 912.9009 916.7438 920.2271 924.2847 926.5104 928.9046 932.4954 936.3498 940.2853 944.5494 948.6077 952.48 956.2552 960 961.3113 962.6397 963.9682 965.2967 966.348 966.7096 967.5757 968.2279 968.3406 968.6113 969.2172 969.9431 970.7621 970.5985 970.2645 969.6761 968.0922 966.5737 
1008.992 1007.564 1006.305 1005.379 1004.343 1003.122 1002.183 1001.35 1000.395 999.2053 997.9143 996.7447 995.5698 994.334 993.0789 991.7941 990.5119 989.0607 987.4971 985.8057 983.9169 981.6832 979.3288 975.931 973.0883 971.4285 970.0793 969.8831 969.6981 968.6265 967.4974 966.3682 964.4991 962.5462 960.5497 958.4507 956.4169 954.2958 951.9941 949.3866 946.5083 941.7838 940 940 943.9564 948.6675 950.4402 951.342 951.5297 951.656 951.6087 952.7081 954.1479 956.0903 958.9058 961.5856 964.8021 967.8387 970.3257 973.3422 975.8511 977.885 980.2943 981.2377 981.1154 980.8878 979.9439 978.755 977.1117 975.4825 973.8533 972.2241 970.5948 968.2027 965.3717 962.584 959.4943 951.9137 946.7806 941.8542 935.1029 928.9611 926.2234 923.626 921.1158 917.6224 913.6711 915.1077 918.5297 922.2081 924.6874 928.8282 932.772 936.3525 939.933 943.6302 947.2867 951.2852 955.2919 959.2988 960.6734 962.0019 963.3304 964.2883 964.8889 964.9693 965.8466 966.4262 966.5389 967.0088 967.7272 968.4531 969.5694 968.8946 967.8924 967.1711 965.9323 963.6017 
1010.194 1008.643 1007.718 1006.795 1005.573 1004.406 1003.572 1002.634 1001.634 1000.728 999.8671 998.6975 997.464 996.2137 994.9383 993.6264 992.3442 991.062 989.6496 987.8652 985.9279 983.6941 981.1632 977.8253 975.8774 973.2192 972.2268 972.0115 971.7045 970.9532 970.2205 968.9263 967.0576 965.1888 963.114 960.8067 958.6772 956.4567 954.636 952.256 948.1822 943.1762 939.5101 938.189 938.8701 941.781 944.6962 947.1238 947.4556 948.3261 948.2933 950.037 951.9619 954.4634 956.9564 958.7602 961.0058 963.915 966.3378 968.7606 971.3232 974.4066 977.5795 979.0269 978.6147 978.6998 979.5812 979.1218 977.4626 975.8033 974.1442 972.4849 970.8302 968.6288 965.7391 962.7948 959.7077 953.111 945.9737 940.4926 933.9708 929.1212 926.9674 924.5546 921.2483 917.7662 914.1826 914.2587 917.4244 921.6581 927.378 931.7174 935.3677 938.9781 942.9479 946.8625 950.264 952.8329 956.2252 959.579 960.0356 961.3641 962.2288 962.8293 963.0865 963.4382 963.9843 964.6245 964.8452 965.5112 966.2424 968.0041 968.6835 967.1512 966.7947 965.0103 963.9979 962.0142 
1013.188 1010.122 1009.247 1008.024 1006.799 1005.794 1004.873 1003.893 1002.945 1002.099 1001.278 1000.417 999.3442 998.0833 996.7493 995.4587 994.1794 992.9451 991.4529 989.9247 987.9388 985.2615 982.8081 979.5445 976.7401 975.0726 974.3743 974.1589 973.5306 972.7979 972.0212 970.9233 969.7001 967.8314 965.6783 963.371 961.0637 959.2628 957.2937 954.564 950.8826 946.7243 942.6289 939.2185 936.8366 937.6375 939.486 941.8738 943.1724 944.2328 944.501 946.4564 950.0211 952.5225 954.8274 956.6312 958.4311 959.9745 962.3756 964.7888 967.2803 969.879 973.0475 975.4932 975.0811 976.8977 978.4239 978.9465 977.8294 976.1702 974.5109 972.8517 971.0853 968.5887 965.5026 962.4164 958.94 953.576 948.8628 943.148 936.6843 930.9418 927.9935 924.6871 921.3807 917.9958 914.7058 913.7982 917.6529 922.2502 928.0231 932.6891 936.7738 941.5325 945.9284 950.0546 952.1398 954.8038 958.1962 958.9581 959.6479 960.1691 960.7697 961.275 961.2748 961.6265 962.2103 962.8228 963.2953 964.3615 966.1232 967.8849 967.7975 966.2454 965.2334 963.9714 962.1281 960.4266 
1017.099 1013.479 1011.291 1009.249 1008.024 1007.112 1006.155 1005.207 1004.292 1003.471 1002.612 1001.735 1000.819 999.8943 998.5732 997.3236 996.0893 994.7208 993.2038 991.821 990.2695 988.0678 984.3763 980.4841 978.5934 977.2396 976.5217 976.2335 975.3752 974.6425 973.5783 972.4785 971.3788 970.279 968.11 965.667 963.396 961.885 960.0162 956.9177 953.6469 949.7892 945.7532 941.6207 938.78 936.0439 936.5611 938.2884 939.4168 940.0642 940.9449 942.5255 946.546 950.5816 952.6984 954.1736 955.6333 957.2669 958.8998 960.7872 963.6497 966.8657 969.0649 971.9595 972.9719 975.0956 976.6147 978.0364 978.1962 976.537 974.8777 973.1102 971.1006 968.5977 965.5115 962.4477 960.6042 956.9023 952.595 946.7292 940.3621 934.6182 929.1159 925.8536 922.4044 918.5961 914.8979 913.7884 918.0515 922.8451 928.6014 933.1489 938.0428 943.1789 948.4763 951.5612 954.0156 956.7748 957.5586 957.4692 957.3798 958.1444 959.0084 959.1489 959.1486 959.5476 960.4363 961.0793 962.4806 964.2423 966.004 967.7657 966.9117 965.3594 963.8072 962.8104 961.1251 959.1326 
1020.395 1017.39 1014.625 1011.292 1009.364 1008.417 1007.469 1006.521 1005.664 1004.807 1003.929 1002.924 1001.929 1001.082 1000.292 999.2335 997.9886 996.5215 995.325 993.8755 992.2991 990.0591 986.6385 983.6014 980.761 979.4254 978.6971 978.0452 977.2198 976.23 975.1335 974.0338 972.8956 971.6209 970.1495 967.8052 965.958 964.1009 962.2087 959.9371 956.6361 952.4893 948.2255 944.3834 941.1946 937.9934 934.9231 935.4216 936.2246 936.85 937.9683 939.2037 942.7143 947.1528 949.8702 951.2913 952.9258 954.5593 956.1924 958.2967 961.6019 963.6011 966.0024 968.7173 971.1697 973.2935 974.8054 976.2272 977.6489 976.9038 975.1351 973.1181 971.1008 968.5979 965.5817 963.7383 961.6401 958.7119 954.0828 949.0197 943.22 937.3724 931.2901 927.2491 923.3736 919.521 915.0931 914.1749 918.2623 923.3477 928.5833 934.3469 939.5638 944.5403 949.2321 952.3475 954.4238 955.3109 955.2214 955.132 955.1816 956.0456 956.2755 956.2753 956.275 956.977 958.1428 960.1078 962.3614 964.1231 965.8849 967.578 966.0258 964.4735 962.9213 961.5721 959.9813 957.9418 
1021.926 1020.509 1017.959 1015.07 1012.182 1009.731 1008.784 1007.856 1007.003 1006.034 1005.028 1004.022 1003.078 1002.253 1001.483 1000.713 1000.013 998.829 997.4814 995.9435 993.9261 992.2476 989.7252 986.7582 984.6346 983.069 981.8115 979.8569 978.8799 977.7886 976.6888 975.5018 974.3045 972.9088 971.4373 970.0284 968.2039 966.3649 964.2876 962.0356 959.5026 955.0607 950.7258 947.0649 943.6221 940.1019 937.0374 934.2126 933.0324 934.0759 935.286 937.1918 939.1812 942.0059 945.2994 947.7014 950.2182 951.8533 953.4912 956.1357 958.5012 960.5836 963.439 966.2944 969.1498 971.4913 972.9962 974.4179 975.8396 977.1626 975.137 973.1182 971.101 968.7158 966.5641 964.2916 962.0191 959.4838 954.8046 949.9523 944.1658 938.4018 932.5929 927.8307 924.6665 920.22 914.5403 915.6193 920.007 924.6467 928.2255 932.8893 938.2498 942.9003 947.5099 950.7061 951.9495 952.5996 952.8843 952.7949 953.0828 953.4021 953.4019 953.4016 953.4826 954.5372 956.5838 959.1005 961.7672 963.6883 965.5702 966.6921 965.1399 963.5876 961.9908 960.3816 958.3024 956.0132 
1023.094 1021.842 1020.87 1019.313 1016.408 1013.361 1010.315 1009.144 1008.138 1007.133 1006.127 1005.121 1004.227 1003.445 1002.675 1001.805 1001.193 1000.519 999.5879 997.8399 996.4059 994.749 992.3057 990.608 988.7548 987.4064 986.4412 984.0891 981.173 979.3054 978.1081 976.9108 975.668 974.1966 972.7611 971.5261 970.3096 968.6186 966.3622 964.0992 961.6927 958.5685 953.9037 949.4628 945.9754 942.4552 939.1899 936.6337 934.8365 932.7376 933.1404 935.1045 936.972 938.6414 940.7182 943.3811 946.1558 948.6888 950.79 953.0685 955.0164 957.3474 961.0551 963.8987 966.7422 969.5858 971.2787 972.7891 974.2067 975.2381 975.1288 972.9836 970.8384 968.6455 966.4219 964.1982 962.1233 960.1321 955.5257 950.1578 945.2278 940.2572 933.9838 929.9767 926.3107 921.051 915.1627 915.3641 920.5467 923.9316 927.3166 930.7979 935.6991 940.3566 943.9791 946.6875 948.1745 949.4322 950.1198 950.4193 950.5287 950.5285 950.5283 950.528 951.0287 953.0962 955.6084 958.8417 961.5712 964.0195 965.1907 964.748 963.4355 961.8443 960.2128 958.1219 956.0729 954.2199 
1024.556 1023.648 1022.679 1021.516 1019.963 1016.813 1013.118 1010.579 1009.237 1008.232 1007.226 1006.223 1005.406 1004.636 1003.636 1002.984 1002.301 1001.432 1000.723 1000.191 999.1302 997.2528 995.1305 993.4789 992.0161 991.3677 990.6135 988.6088 985.9133 982.4855 979.517 978.3198 976.9559 975.5358 974.2402 973.0237 971.8071 970.4451 968.42 966.0718 963.9578 961.4609 957.6658 952.8943 948.6262 945.1854 941.7408 938.9134 936.6382 934.363 931.8678 932.9492 934.7457 936.415 937.9865 939.6302 942.0112 944.5961 947.1514 949.567 951.896 954.2319 958.0406 961.5284 964.372 967.053 969.6113 971.1344 972.4379 973.5062 973.9816 972.0659 970.21 968.4231 966.491 964.4999 962.5088 960.5176 956.137 950.1581 945.2943 941.3639 935.5765 930 925.2971 921.2391 916.0261 914.4829 920.0082 922.7527 925.4903 928.0859 931.2487 933.8521 938.7751 941.2182 942.6835 943.6569 944.3687 945.022 945.4103 945.741 945.8096 946.2311 949.4 952.1163 955.3495 958.5828 961.3752 962.8902 962.9559 962.2245 961.299 959.9105 957.8318 955.5627 953.5853 952.0456 
1026.362 1025.453 1024.489 1023.139 1021.56 1019.428 1015.59 1013.195 1010.801 1009.331 1008.325 1007.372 1006.589 1005.573 1004.776 1004.083 1003.215 1002.346 1001.621 1001.115 1000.629 1000.023 997.9553 996.3548 995.1259 994.3309 992.8663 991.6215 990.3766 987.3878 983.2219 979.7151 978.3104 976.9544 975.7379 974.5211 973.261 971.7863 970.3611 968.4487 966.3365 963.7799 960.9199 956.7632 951.9352 947.9366 944.4182 940.7301 938.1908 935.8342 933.4084 931.1193 932.4996 934.0284 935.6378 937.3704 938.907 940.6178 943.1371 945.934 948.6119 951.1165 954.5092 958.7458 961.9533 964.6296 967.1356 969.1788 970.6566 971.7706 972.3934 971.1866 969.467 967.7822 966.0974 964.3386 962.4349 960.5311 955.7849 950.2517 946.3041 942.2981 936.9894 929.8463 925.6595 921.5099 916.8276 912.4465 916.7169 920.5335 923.0967 925.5545 927.5377 928.8193 930.193 933.5821 937.8311 938.3472 938.8634 939.9365 940.8239 941.7533 943.4025 946.695 950.225 952.5985 955.7897 958.9809 959.9761 960.737 960.7535 960.1192 959.1536 957.2371 955.5222 952.9548 950.9331 948.5527 
